 1.39290E+02  3.9941057E+00  1.250E+11  1.250E+11  1.250E+11  1.250E+11  0.0000000E+00    2.0000933  -10.000  -10.000  -10.000  -10.000   -9.9999000
 2.00530E+02  3.9941882E+00  1.250E+11  1.250E+11  1.250E+11  1.250E+11  0.0000000E+00    2.0001022  -10.000  -10.000  -10.000  -10.000   -9.9999000
 2.61990E+02  3.9961634E+00  1.250E+11  1.250E+11  1.250E+11  1.250E+11  0.0000000E+00    2.0003169  -10.000  -10.000  -10.000  -10.000   -9.9999000
 3.23890E+02  3.9940943E+00  1.250E+11  1.250E+11  1.250E+11  1.250E+11  0.0000000E+00    2.0000920  -10.000  -10.000  -10.000  -10.000   -9.9999000
 4.61700E+02  3.9952538E+00  1.250E+11  1.250E+11  1.250E+11  1.250E+11  0.0000000E+00    2.0002181  -10.000  -10.000  -10.000  -10.000   -9.9999000
 5.23160E+02  3.9960383E+00  1.250E+11  1.250E+11  1.250E+11  1.250E+11  0.0000000E+00    2.0003033  -10.000  -10.000  -10.000  -10.000   -9.9999000
 5.84570E+02  3.9966508E+00  1.250E+11  1.250E+11  1.250E+11  1.250E+11  0.0000000E+00    2.0003699  -10.000  -10.000  -10.000  -10.000   -9.9999000
 6.46030E+02  3.9946155E+00  1.250E+11  1.250E+11  1.250E+11  1.250E+11  0.0000000E+00    2.0001487  -10.000  -10.000  -10.000  -10.000   -9.9999000
 7.07600E+02  3.9958182E+00  1.250E+11  1.250E+11  1.250E+11  1.250E+11  0.0000000E+00    2.0002794  -10.000  -10.000  -10.000  -10.000   -9.9999000
 8.46020E+02  3.9964644E+00  1.250E+11  1.250E+11  1.250E+11  1.250E+11  0.0000000E+00    2.0003497  -10.000  -10.000  -10.000  -10.000   -9.9999000
 9.07260E+02  3.9956938E+00  1.250E+11  1.250E+11  1.250E+11  1.250E+11  0.0000000E+00    2.0002659  -10.000  -10.000  -10.000  -10.000   -9.9999000
 9.68610E+02  3.9964643E+00  1.250E+11  1.250E+11  1.250E+11  1.250E+11  0.0000000E+00    2.0003496  -10.000  -10.000  -10.000  -10.000   -9.9999000
 1.03013E+03  3.9966644E+00  1.250E+11  1.250E+11  1.250E+11  1.250E+11  0.0000000E+00    2.0003714  -10.000  -10.000  -10.000  -10.000   -9.9999000
 1.09148E+03  3.9962597E+00  1.250E+11  1.250E+11  1.250E+11  1.250E+11  0.0000000E+00    2.0003274  -10.000  -10.000  -10.000  -10.000   -9.9999000
 1.22978E+03  3.9963105E+00  1.250E+11  1.250E+11  1.250E+11  1.250E+11  0.0000000E+00    2.0003329  -10.000  -10.000  -10.000  -10.000   -9.9999000
 1.29135E+03  3.9964354E+00  1.250E+11  1.250E+11  1.250E+11  1.250E+11  0.0000000E+00    2.0003465  -10.000  -10.000  -10.000  -10.000   -9.9999000
 1.35259E+03  3.9960605E+00  1.250E+11  1.250E+11  1.250E+11  1.250E+11  0.0000000E+00    2.0003058  -10.000  -10.000  -10.000  -10.000   -9.9999000
 1.41405E+03  3.9975631E+00  1.250E+11  1.250E+11  1.250E+11  1.250E+11  0.0000000E+00    2.0004690  -10.000  -10.000  -10.000  -10.000   -9.9999000
 1.47541E+03  3.9978271E+00  1.250E+11  1.250E+11  1.250E+11  1.250E+11  0.0000000E+00    2.0004977  -10.000  -10.000  -10.000  -10.000   -9.9999000
 1.61398E+03  3.9965399E+00  1.250E+11  1.250E+11  1.250E+11  1.250E+11  0.0000000E+00    2.0003579  -10.000  -10.000  -10.000  -10.000   -9.9999000
 1.67550E+03  3.9971791E+00  1.250E+11  1.250E+11  1.250E+11  1.250E+11  0.0000000E+00    2.0004273  -10.000  -10.000  -10.000  -10.000   -9.9999000
 1.73718E+03  3.9975527E+00  1.250E+11  1.250E+11  1.250E+11  1.250E+11  0.0000000E+00    2.0004679  -10.000  -10.000  -10.000  -10.000   -9.9999000
 1.79848E+03  3.9970677E+00  1.250E+11  1.250E+11  1.250E+11  1.250E+11  0.0000000E+00    2.0004152  -10.000  -10.000  -10.000  -10.000   -9.9999000
 1.85978E+03  3.9964948E+00  1.250E+11  1.250E+11  1.250E+11  1.250E+11  0.0000000E+00    2.0003530  -10.000  -10.000  -10.000  -10.000   -9.9999000
 1.99890E+03  3.9969647E+00  1.250E+11  1.250E+11  1.250E+11  1.250E+11  0.0000000E+00    2.0004040  -10.000  -10.000  -10.000  -10.000   -9.9999000
 2.06080E+03  3.9979278E+00  1.250E+11  1.250E+11  1.250E+11  1.250E+11  0.0000000E+00    2.0005086  -10.000  -10.000  -10.000  -10.000   -9.9999000
 2.12243E+03  3.9968914E+00  1.250E+11  1.250E+11  1.250E+11  1.250E+11  0.0000000E+00    2.0003961  -10.000  -10.000  -10.000  -10.000   -9.9999000
 2.18389E+03  3.9978934E+00  1.250E+11  1.250E+11  1.250E+11  1.250E+11  0.0000000E+00    2.0005049  -10.000  -10.000  -10.000  -10.000   -9.9999000
 2.32181E+03  3.9984986E+00  1.250E+11  1.250E+11  1.250E+11  1.250E+11  0.0000000E+00    2.0005706  -10.000  -10.000  -10.000  -10.000   -9.9999000
 2.38343E+03  3.9962663E+00  1.250E+11  1.250E+11  1.250E+11  1.250E+11  0.0000000E+00    2.0003281  -10.000  -10.000  -10.000  -10.000   -9.9999000
 2.44484E+03  3.9979939E+00  1.250E+11  1.250E+11  1.250E+11  1.250E+11  0.0000000E+00    2.0005158  -10.000  -10.000  -10.000  -10.000   -9.9999000
 2.50614E+03  3.9987107E+00  1.250E+11  1.250E+11  1.250E+11  1.250E+11  0.0000000E+00    2.0005937  -10.000  -10.000  -10.000  -10.000   -9.9999000
 2.56787E+03  3.9959051E+00  1.250E+11  1.250E+11  1.250E+11  1.250E+11  0.0000000E+00    2.0002889  -10.000  -10.000  -10.000  -10.000   -9.9999000
 2.70651E+03  3.9982684E+00  1.250E+11  1.250E+11  1.250E+11  1.250E+11  0.0000000E+00    2.0005456  -10.000  -10.000  -10.000  -10.000   -9.9999000
 2.76830E+03  3.9976834E+00  1.250E+11  1.250E+11  1.250E+11  1.250E+11  0.0000000E+00    2.0004821  -10.000  -10.000  -10.000  -10.000   -9.9999000
 2.82976E+03  3.9965515E+00  1.250E+11  1.250E+11  1.250E+11  1.250E+11  0.0000000E+00    2.0003591  -10.000  -10.000  -10.000  -10.000   -9.9999000
 2.89100E+03  3.9983748E+00  1.250E+11  1.250E+11  1.250E+11  1.250E+11  0.0000000E+00    2.0005572  -10.000  -10.000  -10.000  -10.000   -9.9999000
 2.95241E+03  3.9986086E+00  1.250E+11  1.250E+11  1.250E+11  1.250E+11  0.0000000E+00    2.0005826  -10.000  -10.000  -10.000  -10.000   -9.9999000
 3.09137E+03  3.9979567E+00  1.250E+11  1.250E+11  1.250E+11  1.250E+11  0.0000000E+00    2.0005118  -10.000  -10.000  -10.000  -10.000   -9.9999000
 3.15267E+03  3.9987259E+00  1.250E+11  1.250E+11  1.250E+11  1.250E+11  0.0000000E+00    2.0005953  -10.000  -10.000  -10.000  -10.000   -9.9999000
 3.21402E+03  3.9989075E+00  1.250E+11  1.250E+11  1.250E+11  1.250E+11  0.0000000E+00    2.0006151  -10.000  -10.000  -10.000  -10.000   -9.9999000
 3.27548E+03  3.9993020E+00  1.250E+11  1.250E+11  1.250E+11  1.250E+11  0.0000000E+00    2.0006579  -10.000  -10.000  -10.000  -10.000   -9.9999000
 3.41510E+03  3.9968398E+00  1.250E+11  1.250E+11  1.250E+11  1.250E+11  0.0000000E+00    2.0003904  -10.000  -10.000  -10.000  -10.000   -9.9999000
 3.47651E+03  3.9985086E+00  1.250E+11  1.250E+11  1.250E+11  1.250E+11  0.0000000E+00    2.0005717  -10.000  -10.000  -10.000  -10.000   -9.9999000
 3.53813E+03  3.9991386E+00  1.250E+11  1.250E+11  1.250E+11  1.250E+11  0.0000000E+00    2.0006402  -10.000  -10.000  -10.000  -10.000   -9.9999000
 3.59970E+03  3.9974576E+00  1.250E+11  1.250E+11  1.250E+11  1.250E+11  0.0000000E+00    2.0004576  -10.000  -10.000  -10.000  -10.000   -9.9999000
 3.67270E+03  3.9987587E+00  1.250E+11  1.250E+11  1.250E+11  1.250E+11  0.0000000E+00    2.0005989  -10.000  -10.000  -10.000  -10.000   -9.9999000
 3.81111E+03  3.9997639E+00  1.250E+11  1.250E+11  1.250E+11  1.250E+11  0.0000000E+00    2.0007081  -10.000  -10.000  -10.000  -10.000   -9.9999000
 3.87312E+03  3.9973878E+00  1.250E+11  1.250E+11  1.250E+11  1.250E+11  0.0000000E+00    2.0004500  -10.000  -10.000  -10.000  -10.000   -9.9999000
 3.93728E+03  3.9983329E+00  1.250E+11  1.250E+11  1.250E+11  1.250E+11  0.0000000E+00    2.0005527  -10.000  -10.000  -10.000  -10.000   -9.9999000
 4.02961E+03  3.9981844E+00  1.250E+11  1.250E+11  1.250E+11  1.250E+11  0.0000000E+00    2.0005365  -10.000  -10.000  -10.000  -10.000   -9.9999000
 4.16824E+03  3.9979848E+00  1.250E+11  1.250E+11  1.250E+11  1.250E+11  0.0000000E+00    2.0005148  -10.000  -10.000  -10.000  -10.000   -9.9999000
 4.22954E+03  3.9983526E+00  1.250E+11  1.250E+11  1.250E+11  1.250E+11  0.0000000E+00    2.0005548  -10.000  -10.000  -10.000  -10.000   -9.9999000
 4.31972E+03  3.9997095E+00  1.250E+11  1.250E+11  1.250E+11  1.250E+11  0.0000000E+00    2.0007021  -10.000  -10.000  -10.000  -10.000   -9.9999000
 4.42095E+03  4.0001453E+00  1.250E+11  1.250E+11  1.250E+11  1.250E+11  0.0000000E+00    2.0007495  -10.000  -10.000  -10.000  -10.000   -9.9999000
 4.55931E+03  3.9986979E+00  1.250E+11  1.250E+11  1.250E+11  1.250E+11  0.0000000E+00    2.0005923  -10.000  -10.000  -10.000  -10.000   -9.9999000
 4.63060E+03  3.9984961E+00  1.250E+11  1.250E+11  1.250E+11  1.250E+11  0.0000000E+00    2.0005704  -10.000  -10.000  -10.000  -10.000   -9.9999000
 4.73908E+03  4.0000833E+00  1.250E+11  1.250E+11  1.250E+11  1.250E+11  0.0000000E+00    2.0007427  -10.000  -10.000  -10.000  -10.000   -9.9999000
 4.88908E+03  3.9985488E+00  1.250E+11  1.250E+11  1.250E+11  1.250E+11  0.0000000E+00    2.0005761  -10.000  -10.000  -10.000  -10.000   -9.9999000
 4.96367E+03  3.9990157E+00  1.250E+11  1.250E+11  1.250E+11  1.250E+11  0.0000000E+00    2.0006268  -10.000  -10.000  -10.000  -10.000   -9.9999000
 5.08011E+03  4.0009887E+00  1.250E+11  1.250E+11  1.250E+11  1.250E+11  0.0000000E+00    2.0008410  -10.000  -10.000  -10.000  -10.000   -9.9999000
 5.26181E+03  3.9986730E+00  1.250E+11  1.250E+11  1.250E+11  1.250E+11  0.0000000E+00    2.0005896  -10.000  -10.000  -10.000  -10.000   -9.9999000
 5.32338E+03  4.0010175E+00  1.250E+11  1.250E+11  1.250E+11  1.250E+11  0.0000000E+00    2.0008442  -10.000  -10.000  -10.000  -10.000   -9.9999000
 5.44520E+03  4.0014552E+00  1.250E+11  1.250E+11  1.250E+11  1.250E+11  0.0000000E+00    2.0008917  -10.000  -10.000  -10.000  -10.000   -9.9999000
 5.62772E+03  3.9997383E+00  1.250E+11  1.250E+11  1.250E+11  1.250E+11  0.0000000E+00    2.0007053  -10.000  -10.000  -10.000  -10.000   -9.9999000
 5.70308E+03  4.0000629E+00  1.250E+11  1.250E+11  1.250E+11  1.250E+11  0.0000000E+00    2.0007405  -10.000  -10.000  -10.000  -10.000   -9.9999000
 5.83655E+03  4.0015437E+00  1.250E+11  1.250E+11  1.250E+11  1.250E+11  0.0000000E+00    2.0009013  -10.000  -10.000  -10.000  -10.000   -9.9999000
 5.99709E+03  4.0006240E+00  1.250E+11  1.250E+11  1.250E+11  1.250E+11  0.0000000E+00    2.0008014  -10.000  -10.000  -10.000  -10.000   -9.9999000
 6.11299E+03  3.9990440E+00  1.250E+11  1.250E+11  1.250E+11  1.250E+11  0.0000000E+00    2.0006299  -10.000  -10.000  -10.000  -10.000   -9.9999000
 6.25590E+03  4.0005823E+00  1.250E+11  1.250E+11  1.250E+11  1.250E+11  0.0000000E+00    2.0007969  -10.000  -10.000  -10.000  -10.000   -9.9999000
 6.40222E+03  4.0015187E+00  1.250E+11  1.250E+11  1.250E+11  1.250E+11  0.0000000E+00    2.0008985  -10.000  -10.000  -10.000  -10.000   -9.9999000
 6.55195E+03  3.9998123E+00  1.250E+11  1.250E+11  1.250E+11  1.250E+11  0.0000000E+00    2.0007133  -10.000  -10.000  -10.000  -10.000   -9.9999000
 6.73414E+03  4.0016321E+00  1.250E+11  1.250E+11  1.250E+11  1.250E+11  0.0000000E+00    2.0009109  -10.000  -10.000  -10.000  -10.000   -9.9999000
 6.86206E+03  4.0012604E+00  1.250E+11  1.250E+11  1.250E+11  1.250E+11  0.0000000E+00    2.0008705  -10.000  -10.000  -10.000  -10.000   -9.9999000
 7.09857E+03  3.9995645E+00  1.250E+11  1.250E+11  1.250E+11  1.250E+11  0.0000000E+00    2.0006864  -10.000  -10.000  -10.000  -10.000   -9.9999000
 7.18667E+03  4.0013894E+00  1.250E+11  1.250E+11  1.250E+11  1.250E+11  0.0000000E+00    2.0008845  -10.000  -10.000  -10.000  -10.000   -9.9999000
 7.35474E+03  4.0008883E+00  1.250E+11  1.250E+11  1.250E+11  1.250E+11  0.0000000E+00    2.0008301  -10.000  -10.000  -10.000  -10.000   -9.9999000
 7.52666E+03  3.9993079E+00  1.250E+11  1.250E+11  1.250E+11  1.250E+11  0.0000000E+00    2.0006585  -10.000  -10.000  -10.000  -10.000   -9.9999000
 7.70258E+03  4.0021979E+00  1.250E+11  1.250E+11  1.250E+11  1.250E+11  0.0000000E+00    2.0009723  -10.000  -10.000  -10.000  -10.000   -9.9999000
 7.88263E+03  4.0014990E+00  1.250E+11  1.250E+11  1.250E+11  1.250E+11  0.0000000E+00    2.0008964  -10.000  -10.000  -10.000  -10.000   -9.9999000
 8.06691E+03  4.0025567E+00  1.250E+11  1.250E+11  1.250E+11  1.250E+11  0.0000000E+00    2.0010112  -10.000  -10.000  -10.000  -10.000   -9.9999000
 8.25541E+03  4.0001622E+00  1.250E+11  1.250E+11  1.250E+11  1.250E+11  0.0000000E+00    2.0007513  -10.000  -10.000  -10.000  -10.000   -9.9999000
 8.44836E+03  4.0016172E+00  1.250E+11  1.250E+11  1.250E+11  1.250E+11  0.0000000E+00    2.0009092  -10.000  -10.000  -10.000  -10.000   -9.9999000
 8.64576E+03  4.0013670E+00  1.250E+11  1.250E+11  1.250E+11  1.250E+11  0.0000000E+00    2.0008821  -10.000  -10.000  -10.000  -10.000   -9.9999000
 8.84778E+03  4.0009867E+00  1.250E+11  1.250E+11  1.250E+11  1.250E+11  0.0000000E+00    2.0008408  -10.000  -10.000  -10.000  -10.000   -9.9999000
 9.05447E+03  4.0020373E+00  1.250E+11  1.250E+11  1.250E+11  1.250E+11  0.0000000E+00    2.0009548  -10.000  -10.000  -10.000  -10.000   -9.9999000
 9.32409E+03  4.0016412E+00  1.250E+11  1.250E+11  1.250E+11  1.250E+11  0.0000000E+00    2.0009119  -10.000  -10.000  -10.000  -10.000   -9.9999000
 9.48244E+03  4.0017083E+00  1.250E+11  1.250E+11  1.250E+11  1.250E+11  0.0000000E+00    2.0009191  -10.000  -10.000  -10.000  -10.000   -9.9999000
 9.70396E+03  4.0024331E+00  1.250E+11  1.250E+11  1.250E+11  1.250E+11  0.0000000E+00    2.0009978  -10.000  -10.000  -10.000  -10.000   -9.9999000
 9.93075E+03  4.0019834E+00  1.250E+11  1.250E+11  1.250E+11  1.250E+11  0.0000000E+00    2.0009490  -10.000  -10.000  -10.000  -10.000   -9.9999000
 1.01626E+04  4.0026421E+00  1.250E+11  1.250E+11  1.250E+11  1.250E+11  0.0000000E+00    2.0010205  -10.000  -10.000  -10.000  -10.000   -9.9999000
 1.04404E+04  4.0009663E+00  1.250E+11  1.250E+11  1.250E+11  1.250E+11  0.0000000E+00    2.0008386  -10.000  -10.000  -10.000  -10.000   -9.9999000
 1.06428E+04  4.0028120E+00  1.250E+11  1.250E+11  1.250E+11  1.250E+11  0.0000000E+00    2.0010389  -10.000  -10.000  -10.000  -10.000   -9.9999000
 1.08913E+04  4.0030317E+00  1.250E+11  1.250E+11  1.250E+11  1.250E+11  0.0000000E+00    2.0010627  -10.000  -10.000  -10.000  -10.000   -9.9999000
 1.11711E+04  4.0023514E+00  1.250E+11  1.250E+11  1.250E+11  1.250E+11  0.0000000E+00    2.0009889  -10.000  -10.000  -10.000  -10.000   -9.9999000
 1.14059E+04  4.0042429E+00  1.250E+11  1.250E+11  1.250E+11  1.250E+11  0.0000000E+00    2.0011941  -10.000  -10.000  -10.000  -10.000   -9.9999000
 1.16722E+04  4.0045268E+00  1.250E+11  1.250E+11  1.250E+11  1.250E+11  0.0000000E+00    2.0012249  -10.000  -10.000  -10.000  -10.000   -9.9999000
 1.19447E+04  4.0013186E+00  1.250E+11  1.250E+11  1.250E+11  1.250E+11  0.0000000E+00    2.0008768  -10.000  -10.000  -10.000  -10.000   -9.9999000
 1.22783E+04  4.0043379E+00  1.250E+11  1.250E+11  1.250E+11  1.250E+11  0.0000000E+00    2.0012044  -10.000  -10.000  -10.000  -10.000   -9.9999000
 1.25089E+04  4.0047628E+00  1.250E+11  1.250E+11  1.250E+11  1.250E+11  0.0000000E+00    2.0012505  -10.000  -10.000  -10.000  -10.000   -9.9999000
 1.28009E+04  4.0033907E+00  1.250E+11  1.250E+11  1.250E+11  1.250E+11  0.0000000E+00    2.0011017  -10.000  -10.000  -10.000  -10.000   -9.9999000
 1.30997E+04  4.0044718E+00  1.250E+11  1.250E+11  1.250E+11  1.250E+11  0.0000000E+00    2.0012189  -10.000  -10.000  -10.000  -10.000   -9.9999000
 1.34054E+04  4.0043394E+00  1.250E+11  1.250E+11  1.250E+11  1.250E+11  0.0000000E+00    2.0012046  -10.000  -10.000  -10.000  -10.000   -9.9999000
 1.37497E+04  4.0055417E+00  1.250E+11  1.250E+11  1.250E+11  1.250E+11  0.0000000E+00    2.0013350  -10.000  -10.000  -10.000  -10.000   -9.9999000
 1.41206E+04  4.0025457E+00  1.250E+11  1.250E+11  1.250E+11  1.250E+11  0.0000000E+00    2.0010100  -10.000  -10.000  -10.000  -10.000   -9.9999000
 1.43661E+04  4.0037874E+00  1.250E+11  1.250E+11  1.250E+11  1.250E+11  0.0000000E+00    2.0011447  -10.000  -10.000  -10.000  -10.000   -9.9999000
 1.47014E+04  4.0044228E+00  1.250E+11  1.250E+11  1.250E+11  1.250E+11  0.0000000E+00    2.0012136  -10.000  -10.000  -10.000  -10.000   -9.9999000
 1.50444E+04  4.0040044E+00  1.250E+11  1.250E+11  1.250E+11  1.250E+11  0.0000000E+00    2.0011682  -10.000  -10.000  -10.000  -10.000   -9.9999000
 1.53955E+04  4.0057020E+00  1.250E+11  1.250E+11  1.250E+11  1.250E+11  0.0000000E+00    2.0013523  -10.000  -10.000  -10.000  -10.000   -9.9999000
 1.57547E+04  4.0054317E+00  1.250E+11  1.250E+11  1.250E+11  1.250E+11  0.0000000E+00    2.0013230  -10.000  -10.000  -10.000  -10.000   -9.9999000
 1.61245E+04  4.0032119E+00  1.250E+11  1.250E+11  1.250E+11  1.250E+11  0.0000000E+00    2.0010823  -10.000  -10.000  -10.000  -10.000   -9.9999000
 1.64985E+04  4.0058000E+00  1.250E+11  1.250E+11  1.250E+11  1.250E+11  0.0000000E+00    2.0013630  -10.000  -10.000  -10.000  -10.000   -9.9999000
 1.68834E+04  4.0044745E+00  1.250E+11  1.250E+11  1.250E+11  1.250E+11  0.0000000E+00    2.0012192  -10.000  -10.000  -10.000  -10.000   -9.9999000
 1.72773E+04  4.0039597E+00  1.250E+11  1.250E+11  1.250E+11  1.250E+11  0.0000000E+00    2.0011634  -10.000  -10.000  -10.000  -10.000   -9.9999000
 1.76803E+04  4.0056282E+00  1.250E+11  1.250E+11  1.250E+11  1.250E+11  0.0000000E+00    2.0013443  -10.000  -10.000  -10.000  -10.000   -9.9999000
 1.80928E+04  4.0059792E+00  1.250E+11  1.250E+11  1.250E+11  1.250E+11  0.0000000E+00    2.0013824  -10.000  -10.000  -10.000  -10.000   -9.9999000
 1.85624E+04  4.0043450E+00  1.250E+11  1.250E+11  1.250E+11  1.250E+11  0.0000000E+00    2.0012052  -10.000  -10.000  -10.000  -10.000   -9.9999000
 1.89468E+04  4.0069166E+00  1.250E+11  1.250E+11  1.250E+11  1.250E+11  0.0000000E+00    2.0014840  -10.000  -10.000  -10.000  -10.000   -9.9999000
 1.93887E+04  4.0071767E+00  1.250E+11  1.250E+11  1.250E+11  1.250E+11  0.0000000E+00    2.0015122  -10.000  -10.000  -10.000  -10.000   -9.9999000
 1.98409E+04  4.0052943E+00  1.250E+11  1.250E+11  1.250E+11  1.250E+11  0.0000000E+00    2.0013081  -10.000  -10.000  -10.000  -10.000   -9.9999000
 2.03038E+04  4.0068004E+00  1.250E+11  1.250E+11  1.250E+11  1.250E+11  0.0000000E+00    2.0014714  -10.000  -10.000  -10.000  -10.000   -9.9999000
 2.07773E+04  4.0079091E+00  1.250E+11  1.250E+11  1.250E+11  1.250E+11  0.0000000E+00    2.0015916  -10.000  -10.000  -10.000  -10.000   -9.9999000
 2.12619E+04  4.0075230E+00  1.250E+11  1.250E+11  1.250E+11  1.250E+11  0.0000000E+00    2.0015497  -10.000  -10.000  -10.000  -10.000   -9.9999000
 2.17578E+04  4.0075660E+00  1.250E+11  1.250E+11  1.250E+11  1.250E+11  0.0000000E+00    2.0015544  -10.000  -10.000  -10.000  -10.000   -9.9999000
 2.22652E+04  4.0086717E+00  1.250E+11  1.250E+11  1.250E+11  1.250E+11  0.0000000E+00    2.0016742  -10.000  -10.000  -10.000  -10.000   -9.9999000
 2.27845E+04  4.0085964E+00  1.250E+11  1.250E+11  1.250E+11  1.250E+11  0.0000000E+00    2.0016660  -10.000  -10.000  -10.000  -10.000   -9.9999000
 2.33385E+04  4.0077732E+00  1.250E+11  1.250E+11  1.250E+11  1.250E+11  0.0000000E+00    2.0015768  -10.000  -10.000  -10.000  -10.000   -9.9999000
 2.38595E+04  4.0087366E+00  1.250E+11  1.250E+11  1.250E+11  1.250E+11  0.0000000E+00    2.0016812  -10.000  -10.000  -10.000  -10.000   -9.9999000
 2.44450E+04  4.0081160E+00  1.250E+11  1.250E+11  1.250E+11  1.250E+11  0.0000000E+00    2.0016140  -10.000  -10.000  -10.000  -10.000   -9.9999000
 2.49854E+04  4.0079027E+00  1.250E+11  1.250E+11  1.250E+11  1.250E+11  0.0000000E+00    2.0015909  -10.000  -10.000  -10.000  -10.000   -9.9999000
 2.55715E+04  4.0093067E+00  1.250E+11  1.250E+11  1.250E+11  1.250E+11  0.0000000E+00    2.0017430  -10.000  -10.000  -10.000  -10.000   -9.9999000
 2.61640E+04  4.0099265E+00  1.250E+11  1.250E+11  1.250E+11  1.250E+11  0.0000000E+00    2.0018101  -10.000  -10.000  -10.000  -10.000   -9.9999000
 2.67741E+04  4.0085048E+00  1.250E+11  1.250E+11  1.250E+11  1.250E+11  0.0000000E+00    2.0016561  -10.000  -10.000  -10.000  -10.000   -9.9999000
 2.74126E+04  4.0098636E+00  1.250E+11  1.250E+11  1.250E+11  1.250E+11  0.0000000E+00    2.0018033  -10.000  -10.000  -10.000  -10.000   -9.9999000
 2.80372E+04  4.0115618E+00  1.250E+11  1.250E+11  1.250E+11  1.250E+11  0.0000000E+00    2.0019872  -10.000  -10.000  -10.000  -10.000   -9.9999000
 2.86909E+04  4.0117077E+00  1.250E+11  1.250E+11  1.250E+11  1.250E+11  0.0000000E+00    2.0020030  -10.000  -10.000  -10.000  -10.000   -9.9999000
 2.93662E+04  4.0096904E+00  1.250E+11  1.250E+11  1.250E+11  1.250E+11  0.0000000E+00    2.0017845  -10.000  -10.000  -10.000  -10.000   -9.9999000
 3.00443E+04  4.0121222E+00  1.250E+11  1.250E+11  1.250E+11  1.250E+11  0.0000000E+00    2.0020479  -10.000  -10.000  -10.000  -10.000   -9.9999000
 3.07448E+04  4.0124241E+00  1.250E+11  1.250E+11  1.250E+11  1.250E+11  0.0000000E+00    2.0020805  -10.000  -10.000  -10.000  -10.000   -9.9999000
 3.14672E+04  4.0108433E+00  1.250E+11  1.250E+11  1.250E+11  1.250E+11  0.0000000E+00    2.0019094  -10.000  -10.000  -10.000  -10.000   -9.9999000
 3.22014E+04  4.0126663E+00  1.250E+11  1.250E+11  1.250E+11  1.250E+11  0.0000000E+00    2.0021067  -10.000  -10.000  -10.000  -10.000   -9.9999000
 3.29456E+04  4.0114317E+00  1.250E+11  1.250E+11  1.250E+11  1.250E+11  0.0000000E+00    2.0019731  -10.000  -10.000  -10.000  -10.000   -9.9999000
 3.37136E+04  4.0113810E+00  1.250E+11  1.250E+11  1.250E+11  1.250E+11  0.0000000E+00    2.0019676  -10.000  -10.000  -10.000  -10.000   -9.9999000
 3.44995E+04  4.0135133E+00  1.250E+11  1.250E+11  1.250E+11  1.250E+11  0.0000000E+00    2.0021984  -10.000  -10.000  -10.000  -10.000   -9.9999000
 3.53037E+04  4.0142136E+00  1.250E+11  1.250E+11  1.250E+11  1.250E+11  0.0000000E+00    2.0022742  -10.000  -10.000  -10.000  -10.000   -9.9999000
 3.61267E+04  4.0130382E+00  1.250E+11  1.250E+11  1.250E+11  1.250E+11  0.0000000E+00    2.0021470  -10.000  -10.000  -10.000  -10.000   -9.9999000
 3.69702E+04  4.0146302E+00  1.250E+11  1.250E+11  1.250E+11  1.250E+11  0.0000000E+00    2.0023192  -10.000  -10.000  -10.000  -10.000   -9.9999000
 3.78305E+04  4.0143668E+00  1.250E+11  1.250E+11  1.250E+11  1.250E+11  0.0000000E+00    2.0022908  -10.000  -10.000  -10.000  -10.000   -9.9999000
 3.87124E+04  4.0150578E+00  1.250E+11  1.250E+11  1.250E+11  1.250E+11  0.0000000E+00    2.0023655  -10.000  -10.000  -10.000  -10.000   -9.9999000
 3.96147E+04  4.0148716E+00  1.250E+11  1.250E+11  1.250E+11  1.250E+11  0.0000000E+00    2.0023454  -10.000  -10.000  -10.000  -10.000   -9.9999000
 4.05381E+04  4.0157182E+00  1.250E+11  1.250E+11  1.250E+11  1.250E+11  0.0000000E+00    2.0024369  -10.000  -10.000  -10.000  -10.000   -9.9999000
 4.14830E+04  4.0159060E+00  1.250E+11  1.250E+11  1.250E+11  1.250E+11  0.0000000E+00    2.0024572  -10.000  -10.000  -10.000  -10.000   -9.9999000
 4.25002E+04  4.0161509E+00  1.250E+11  1.250E+11  1.250E+11  1.250E+11  0.0000000E+00    2.0024837  -10.000  -10.000  -10.000  -10.000   -9.9999000
 4.34393E+04  4.0162665E+00  1.250E+11  1.250E+11  1.250E+11  1.250E+11  0.0000000E+00    2.0024962  -10.000  -10.000  -10.000  -10.000   -9.9999000
 4.44518E+04  4.0182975E+00  1.250E+11  1.250E+11  1.250E+11  1.250E+11  0.0000000E+00    2.0027158  -10.000  -10.000  -10.000  -10.000   -9.9999000
 4.54878E+04  4.0162044E+00  1.250E+11  1.250E+11  1.250E+11  1.250E+11  0.0000000E+00    2.0024895  -10.000  -10.000  -10.000  -10.000   -9.9999000
 4.65490E+04  4.0173814E+00  1.250E+11  1.250E+11  1.250E+11  1.250E+11  0.0000000E+00    2.0026168  -10.000  -10.000  -10.000  -10.000   -9.9999000
 4.76569E+04  4.0184052E+00  1.250E+11  1.250E+11  1.250E+11  1.250E+11  0.0000000E+00    2.0027274  -10.000  -10.000  -10.000  -10.000   -9.9999000
 4.87620E+04  4.0168930E+00  1.250E+11  1.250E+11  1.250E+11  1.250E+11  0.0000000E+00    2.0025640  -10.000  -10.000  -10.000  -10.000   -9.9999000
 4.98853E+04  4.0196837E+00  1.250E+11  1.250E+11  1.250E+11  1.250E+11  0.0000000E+00    2.0028656  -10.000  -10.000  -10.000  -10.000   -9.9999000
 5.10414E+04  4.0201444E+00  1.250E+11  1.250E+11  1.250E+11  1.250E+11  0.0000000E+00    2.0029154  -10.000  -10.000  -10.000  -10.000   -9.9999000
 5.22309E+04  4.0188736E+00  1.250E+11  1.250E+11  1.250E+11  1.250E+11  0.0000000E+00    2.0027780  -10.000  -10.000  -10.000  -10.000   -9.9999000
 5.34482E+04  4.0203040E+00  1.250E+11  1.250E+11  1.250E+11  1.250E+11  0.0000000E+00    2.0029326  -10.000  -10.000  -10.000  -10.000   -9.9999000
 5.47010E+04  4.0214091E+00  1.250E+11  1.250E+11  1.250E+11  1.250E+11  0.0000000E+00    2.0030520  -10.000  -10.000  -10.000  -10.000   -9.9999000
 5.59684E+04  4.0217408E+00  1.250E+11  1.250E+11  1.250E+11  1.250E+11  0.0000000E+00    2.0030878  -10.000  -10.000  -10.000  -10.000   -9.9999000
 5.72809E+04  4.0197946E+00  1.250E+11  1.250E+11  1.250E+11  1.250E+11  0.0000000E+00    2.0028776  -10.000  -10.000  -10.000  -10.000   -9.9999000
 5.86074E+04  4.0222767E+00  1.250E+11  1.250E+11  1.250E+11  1.250E+11  0.0000000E+00    2.0031456  -10.000  -10.000  -10.000  -10.000   -9.9999000
 5.99733E+04  4.0231187E+00  1.250E+11  1.250E+11  1.250E+11  1.250E+11  0.0000000E+00    2.0032365  -10.000  -10.000  -10.000  -10.000   -9.9999000
 6.13707E+04  4.0221379E+00  1.250E+11  1.250E+11  1.250E+11  1.250E+11  0.0000000E+00    2.0031307  -10.000  -10.000  -10.000  -10.000   -9.9999000
 6.28346E+04  4.0226283E+00  1.250E+11  1.250E+11  1.250E+11  1.250E+11  0.0000000E+00    2.0031836  -10.000  -10.000  -10.000  -10.000   -9.9999000
 6.43149E+04  4.0248365E+00  1.250E+11  1.250E+11  1.250E+11  1.250E+11  0.0000000E+00    2.0034219  -10.000  -10.000  -10.000  -10.000   -9.9999000
 6.57866E+04  4.0231862E+00  1.250E+11  1.250E+11  1.250E+11  1.250E+11  0.0000000E+00    2.0032438  -10.000  -10.000  -10.000  -10.000   -9.9999000
 6.72942E+04  4.0248264E+00  1.250E+11  1.250E+11  1.250E+11  1.250E+11  0.0000000E+00    2.0034209  -10.000  -10.000  -10.000  -10.000   -9.9999000
 6.88623E+04  4.0255209E+00  1.250E+11  1.250E+11  1.250E+11  1.250E+11  0.0000000E+00    2.0034958  -10.000  -10.000  -10.000  -10.000   -9.9999000
 7.04670E+04  4.0249132E+00  1.250E+11  1.250E+11  1.250E+11  1.250E+11  0.0000000E+00    2.0034302  -10.000  -10.000  -10.000  -10.000   -9.9999000
 7.21090E+04  4.0256225E+00  1.250E+11  1.250E+11  1.250E+11  1.250E+11  0.0000000E+00    2.0035067  -10.000  -10.000  -10.000  -10.000   -9.9999000
 7.37897E+04  4.0272549E+00  1.250E+11  1.250E+11  1.250E+11  1.250E+11  0.0000000E+00    2.0036828  -10.000  -10.000  -10.000  -10.000   -9.9999000
 7.55087E+04  4.0266382E+00  1.250E+11  1.250E+11  1.250E+11  1.250E+11  0.0000000E+00    2.0036163  -10.000  -10.000  -10.000  -10.000   -9.9999000
 7.72681E+04  4.0275793E+00  1.250E+11  1.250E+11  1.250E+11  1.250E+11  0.0000000E+00    2.0037178  -10.000  -10.000  -10.000  -10.000   -9.9999000
 7.90685E+04  4.0288471E+00  1.250E+11  1.250E+11  1.250E+11  1.250E+11  0.0000000E+00    2.0038545  -10.000  -10.000  -10.000  -10.000   -9.9999000
 8.09109E+04  4.0270649E+00  1.250E+11  1.250E+11  1.250E+11  1.250E+11  0.0000000E+00    2.0036623  -10.000  -10.000  -10.000  -10.000   -9.9999000
 8.27962E+04  4.0314001E+00  1.250E+11  1.250E+11  1.250E+11  1.250E+11  0.0000000E+00    2.0041296  -10.000  -10.000  -10.000  -10.000   -9.9999000
 8.47254E+04  4.0291629E+00  1.250E+11  1.250E+11  1.250E+11  1.250E+11  0.0000000E+00    2.0038885  -10.000  -10.000  -10.000  -10.000   -9.9999000
 8.66995E+04  4.0311265E+00  1.250E+11  1.250E+11  1.250E+11  1.250E+11  0.0000000E+00    2.0041001  -10.000  -10.000  -10.000  -10.000   -9.9999000
 8.87196E+04  4.0293476E+00  1.250E+11  1.250E+11  1.250E+11  1.250E+11  0.0000000E+00    2.0039084  -10.000  -10.000  -10.000  -10.000   -9.9999000
 9.08618E+04  4.0325948E+00  1.250E+11  1.250E+11  1.250E+11  1.250E+11  0.0000000E+00    2.0042583  -10.000  -10.000  -10.000  -10.000   -9.9999000
 9.29021E+04  4.0334101E+00  1.250E+11  1.250E+11  1.250E+11  1.250E+11  0.0000000E+00    2.0043461  -10.000  -10.000  -10.000  -10.000   -9.9999000
 9.50667E+04  4.0319538E+00  1.250E+11  1.250E+11  1.250E+11  1.250E+11  0.0000000E+00    2.0041893  -10.000  -10.000  -10.000  -10.000   -9.9999000
 9.72817E+04  4.0340286E+00  1.250E+11  1.250E+11  1.250E+11  1.250E+11  0.0000000E+00    2.0044127  -10.000  -10.000  -10.000  -10.000   -9.9999000
 9.95483E+04  4.0342289E+00  1.250E+11  1.250E+11  1.250E+11  1.250E+11  0.0000000E+00    2.0044342  -10.000  -10.000  -10.000  -10.000   -9.9999000
 1.01907E+05  4.0320335E+00  1.250E+11  1.250E+11  1.250E+11  1.250E+11  0.0000000E+00    2.0041978  -10.000  -10.000  -10.000  -10.000   -9.9999000
 1.04253E+05  4.0358034E+00  1.250E+11  1.250E+11  1.250E+11  1.250E+11  0.0000000E+00    2.0046037  -10.000  -10.000  -10.000  -10.000   -9.9999000
 1.06735E+05  4.0375123E+00  1.250E+11  1.250E+11  1.250E+11  1.250E+11  0.0000000E+00    2.0047876  -10.000  -10.000  -10.000  -10.000   -9.9999000
 1.09155E+05  4.0352544E+00  1.250E+11  1.250E+11  1.250E+11  1.250E+11  0.0000000E+00    2.0045446  -10.000  -10.000  -10.000  -10.000   -9.9999000
 1.11698E+05  4.0371454E+00  1.250E+11  1.250E+11  1.250E+11  1.250E+11  0.0000000E+00    2.0047481  -10.000  -10.000  -10.000  -10.000   -9.9999000
 1.14301E+05  4.0383499E+00  1.250E+11  1.250E+11  1.250E+11  1.250E+11  0.0000000E+00    2.0048777  -10.000  -10.000  -10.000  -10.000   -9.9999000
 1.17044E+05  4.0383714E+00  1.250E+11  1.250E+11  1.250E+11  1.250E+11  0.0000000E+00    2.0048800  -10.000  -10.000  -10.000  -10.000   -9.9999000
 1.19689E+05  4.0401215E+00  1.250E+11  1.250E+11  1.250E+11  1.250E+11  0.0000000E+00    2.0050681  -10.000  -10.000  -10.000  -10.000   -9.9999000
 1.22537E+05  4.0402498E+00  1.250E+11  1.250E+11  1.250E+11  1.250E+11  0.0000000E+00    2.0050819  -10.000  -10.000  -10.000  -10.000   -9.9999000
 1.25331E+05  4.0403861E+00  1.250E+11  1.250E+11  1.250E+11  1.250E+11  0.0000000E+00    2.0050966  -10.000  -10.000  -10.000  -10.000   -9.9999000
 1.28251E+05  4.0418972E+00  1.250E+11  1.250E+11  1.250E+11  1.250E+11  0.0000000E+00    2.0052590  -10.000  -10.000  -10.000  -10.000   -9.9999000
 1.31239E+05  4.0413286E+00  1.250E+11  1.250E+11  1.250E+11  1.250E+11  0.0000000E+00    2.0051979  -10.000  -10.000  -10.000  -10.000   -9.9999000
 1.34296E+05  4.0410401E+00  1.250E+11  1.250E+11  1.250E+11  1.250E+11  0.0000000E+00    2.0051669  -10.000  -10.000  -10.000  -10.000   -9.9999000
 1.37425E+05  4.0430166E+00  1.250E+11  1.250E+11  1.250E+11  1.250E+11  0.0000000E+00    2.0053792  -10.000  -10.000  -10.000  -10.000   -9.9999000
 1.40692E+05  4.0455509E+00  1.250E+11  1.250E+11  1.250E+11  1.250E+11  0.0000000E+00    2.0056514  -10.000  -10.000  -10.000  -10.000   -9.9999000
 1.43903E+05  4.0457138E+00  1.250E+11  1.250E+11  1.250E+11  1.250E+11  0.0000000E+00    2.0056689  -10.000  -10.000  -10.000  -10.000   -9.9999000
 1.47256E+05  4.0436560E+00  1.250E+11  1.250E+11  1.250E+11  1.250E+11  0.0000000E+00    2.0054479  -10.000  -10.000  -10.000  -10.000   -9.9999000
 1.50686E+05  4.0459827E+00  1.250E+11  1.250E+11  1.250E+11  1.250E+11  0.0000000E+00    2.0056977  -10.000  -10.000  -10.000  -10.000   -9.9999000
 1.54197E+05  4.0481231E+00  1.250E+11  1.250E+11  1.250E+11  1.250E+11  0.0000000E+00    2.0059274  -10.000  -10.000  -10.000  -10.000   -9.9999000
 1.57789E+05  4.0465281E+00  1.250E+11  1.250E+11  1.250E+11  1.250E+11  0.0000000E+00    2.0057563  -10.000  -10.000  -10.000  -10.000   -9.9999000
 1.61465E+05  4.0487075E+00  1.250E+11  1.250E+11  1.250E+11  1.250E+11  0.0000000E+00    2.0059901  -10.000  -10.000  -10.000  -10.000   -9.9999000
 1.65227E+05  4.0495775E+00  1.250E+11  1.250E+11  1.250E+11  1.250E+11  0.0000000E+00    2.0060834  -10.000  -10.000  -10.000  -10.000   -9.9999000
 1.69114E+05  4.0486476E+00  1.250E+11  1.250E+11  1.250E+11  1.250E+11  0.0000000E+00    2.0059837  -10.000  -10.000  -10.000  -10.000   -9.9999000
 1.73015E+05  4.0511584E+00  1.250E+11  1.250E+11  1.250E+11  1.250E+11  0.0000000E+00    2.0062529  -10.000  -10.000  -10.000  -10.000   -9.9999000
 1.77046E+05  4.0520772E+00  1.250E+11  1.250E+11  1.250E+11  1.250E+11  0.0000000E+00    2.0063514  -10.000  -10.000  -10.000  -10.000   -9.9999000
 1.81170E+05  4.0499053E+00  1.250E+11  1.250E+11  1.250E+11  1.250E+11  0.0000000E+00    2.0061186  -10.000  -10.000  -10.000  -10.000   -9.9999000
 1.85391E+05  4.0527376E+00  1.250E+11  1.250E+11  1.250E+11  1.250E+11  0.0000000E+00    2.0064222  -10.000  -10.000  -10.000  -10.000   -9.9999000
 1.89710E+05  4.0532868E+00  1.250E+11  1.250E+11  1.250E+11  1.250E+11  0.0000000E+00    2.0064810  -10.000  -10.000  -10.000  -10.000   -9.9999000
 1.94129E+05  4.0523068E+00  1.250E+11  1.250E+11  1.250E+11  1.250E+11  0.0000000E+00    2.0063760  -10.000  -10.000  -10.000  -10.000   -9.9999000
 1.98652E+05  4.0547583E+00  1.250E+11  1.250E+11  1.250E+11  1.250E+11  0.0000000E+00    2.0066387  -10.000  -10.000  -10.000  -10.000   -9.9999000
 2.03280E+05  4.0570548E+00  1.250E+11  1.250E+11  1.250E+11  1.250E+11  0.0000000E+00    2.0068846  -10.000  -10.000  -10.000  -10.000   -9.9999000
 2.08015E+05  4.0573006E+00  1.250E+11  1.250E+11  1.250E+11  1.250E+11  0.0000000E+00    2.0069109  -10.000  -10.000  -10.000  -10.000   -9.9999000
 2.12861E+05  4.0554832E+00  1.250E+11  1.250E+11  1.250E+11  1.250E+11  0.0000000E+00    2.0067163  -10.000  -10.000  -10.000  -10.000   -9.9999000
 2.17828E+05  4.0573783E+00  1.250E+11  1.250E+11  1.250E+11  1.250E+11  0.0000000E+00    2.0069192  -10.000  -10.000  -10.000  -10.000   -9.9999000
 2.22965E+05  4.0594545E+00  1.250E+11  1.250E+11  1.250E+11  1.250E+11  0.0000000E+00    2.0071414  -10.000  -10.000  -10.000  -10.000   -9.9999000
 2.28136E+05  4.0583685E+00  1.250E+11  1.250E+11  1.250E+11  1.250E+11  0.0000000E+00    2.0070252  -10.000  -10.000  -10.000  -10.000   -9.9999000
 2.33401E+05  4.0598370E+00  1.250E+11  1.250E+11  1.250E+11  1.250E+11  0.0000000E+00    2.0071823  -10.000  -10.000  -10.000  -10.000   -9.9999000
 2.38837E+05  4.0608925E+00  1.250E+11  1.250E+11  1.250E+11  1.250E+11  0.0000000E+00    2.0072952  -10.000  -10.000  -10.000  -10.000   -9.9999000
 2.44401E+05  4.0609679E+00  1.250E+11  1.250E+11  1.250E+11  1.250E+11  0.0000000E+00    2.0073033  -10.000  -10.000  -10.000  -10.000   -9.9999000
 2.50095E+05  4.0625010E+00  1.250E+11  1.250E+11  1.250E+11  1.250E+11  0.0000000E+00    2.0074672  -10.000  -10.000  -10.000  -10.000   -9.9999000
 2.55921E+05  4.0626672E+00  1.250E+11  1.250E+11  1.250E+11  1.250E+11  0.0000000E+00    2.0074849  -10.000  -10.000  -10.000  -10.000   -9.9999000
 2.61883E+05  4.0635751E+00  1.250E+11  1.250E+11  1.250E+11  1.250E+11  0.0000000E+00    2.0075820  -10.000  -10.000  -10.000  -10.000   -9.9999000
 2.68006E+05  4.0655946E+00  1.250E+11  1.250E+11  1.250E+11  1.250E+11  0.0000000E+00    2.0077978  -10.000  -10.000  -10.000  -10.000   -9.9999000
 2.74292E+05  4.0661057E+00  1.250E+11  1.250E+11  1.250E+11  1.250E+11  0.0000000E+00    2.0078524  -10.000  -10.000  -10.000  -10.000   -9.9999000
 2.80614E+05  4.0639506E+00  1.250E+11  1.250E+11  1.250E+11  1.250E+11  0.0000000E+00    2.0076221  -10.000  -10.000  -10.000  -10.000   -9.9999000
 2.87191E+05  4.0670719E+00  1.250E+11  1.250E+11  1.250E+11  1.250E+11  0.0000000E+00    2.0079556  -10.000  -10.000  -10.000  -10.000   -9.9999000
 2.93840E+05  4.0690221E+00  1.250E+11  1.250E+11  1.250E+11  1.250E+11  0.0000000E+00    2.0081637  -10.000  -10.000  -10.000  -10.000   -9.9999000
 3.00685E+05  4.0676504E+00  1.250E+11  1.250E+11  1.250E+11  1.250E+11  0.0000000E+00    2.0080173  -10.000  -10.000  -10.000  -10.000   -9.9999000
 3.07690E+05  4.0694538E+00  1.250E+11  1.250E+11  1.250E+11  1.250E+11  0.0000000E+00    2.0082098  -10.000  -10.000  -10.000  -10.000   -9.9999000
 3.14858E+05  4.0714280E+00  1.250E+11  1.250E+11  1.250E+11  1.250E+11  0.0000000E+00    2.0084205  -10.000  -10.000  -10.000  -10.000   -9.9999000
 3.22192E+05  4.0709253E+00  1.250E+11  1.250E+11  1.250E+11  1.250E+11  0.0000000E+00    2.0083668  -10.000  -10.000  -10.000  -10.000   -9.9999000
 3.29698E+05  4.0707518E+00  1.250E+11  1.250E+11  1.250E+11  1.250E+11  0.0000000E+00    2.0083483  -10.000  -10.000  -10.000  -10.000   -9.9999000
 3.37378E+05  4.0734451E+00  1.250E+11  1.250E+11  1.250E+11  1.250E+11  0.0000000E+00    2.0086356  -10.000  -10.000  -10.000  -10.000   -9.9999000
 3.45237E+05  4.0739733E+00  1.250E+11  1.250E+11  1.250E+11  1.250E+11  0.0000000E+00    2.0086919  -10.000  -10.000  -10.000  -10.000   -9.9999000
 3.53279E+05  4.0724618E+00  1.250E+11  1.250E+11  1.250E+11  1.250E+11  0.0000000E+00    2.0085307  -10.000  -10.000  -10.000  -10.000   -9.9999000
 3.61509E+05  4.0747213E+00  1.250E+11  1.250E+11  1.250E+11  1.250E+11  0.0000000E+00    2.0087716  -10.000  -10.000  -10.000  -10.000   -9.9999000
 3.69930E+05  4.0763507E+00  1.250E+11  1.250E+11  1.250E+11  1.250E+11  0.0000000E+00    2.0089452  -10.000  -10.000  -10.000  -10.000   -9.9999000
 3.78625E+05  4.0754578E+00  1.250E+11  1.250E+11  1.250E+11  1.250E+11  0.0000000E+00    2.0088501  -10.000  -10.000  -10.000  -10.000   -9.9999000
 3.87434E+05  4.0786083E+00  1.250E+11  1.250E+11  1.250E+11  1.250E+11  0.0000000E+00    2.0091857  -10.000  -10.000  -10.000  -10.000   -9.9999000
 3.96389E+05  4.0784046E+00  1.250E+11  1.250E+11  1.250E+11  1.250E+11  0.0000000E+00    2.0091640  -10.000  -10.000  -10.000  -10.000   -9.9999000
 4.05623E+05  4.0774452E+00  1.250E+11  1.250E+11  1.250E+11  1.250E+11  0.0000000E+00    2.0090618  -10.000  -10.000  -10.000  -10.000   -9.9999000
 4.15095E+05  4.0813526E+00  1.250E+11  1.250E+11  1.250E+11  1.250E+11  0.0000000E+00    2.0094778  -10.000  -10.000  -10.000  -10.000   -9.9999000
 4.24741E+05  4.0807960E+00  1.250E+11  1.250E+11  1.250E+11  1.250E+11  0.0000000E+00    2.0094186  -10.000  -10.000  -10.000  -10.000   -9.9999000
 4.34635E+05  4.0808237E+00  1.250E+11  1.250E+11  1.250E+11  1.250E+11  0.0000000E+00    2.0094215  -10.000  -10.000  -10.000  -10.000   -9.9999000
 4.44759E+05  4.0829376E+00  1.250E+11  1.250E+11  1.250E+11  1.250E+11  0.0000000E+00    2.0096464  -10.000  -10.000  -10.000  -10.000   -9.9999000
 4.55120E+05  4.0834757E+00  1.250E+11  1.250E+11  1.250E+11  1.250E+11  0.0000000E+00    2.0097037  -10.000  -10.000  -10.000  -10.000   -9.9999000
 4.65721E+05  4.0826874E+00  1.250E+11  1.250E+11  1.250E+11  1.250E+11  0.0000000E+00    2.0096198  -10.000  -10.000  -10.000  -10.000   -9.9999000
 4.76634E+05  4.0857438E+00  1.250E+11  1.250E+11  1.250E+11  1.250E+11  0.0000000E+00    2.0099448  -10.000  -10.000  -10.000  -10.000   -9.9999000
 4.87685E+05  4.0878341E+00  1.250E+11  1.250E+11  1.250E+11  1.250E+11  0.0000000E+00    2.0101670  -10.000  -10.000  -10.000  -10.000   -9.9999000
 4.99054E+05  4.0868479E+00  1.250E+11  1.250E+11  1.250E+11  1.250E+11  0.0000000E+00    2.0100622  -10.000  -10.000  -10.000  -10.000   -9.9999000
 5.10656E+05  4.0881069E+00  1.250E+11  1.250E+11  1.250E+11  1.250E+11  0.0000000E+00    2.0101959  -10.000  -10.000  -10.000  -10.000   -9.9999000
 5.22551E+05  4.0880199E+00  1.250E+11  1.250E+11  1.250E+11  1.250E+11  0.0000000E+00    2.0101867  -10.000  -10.000  -10.000  -10.000   -9.9999000
 5.34724E+05  4.0900786E+00  1.250E+11  1.250E+11  1.250E+11  1.250E+11  0.0000000E+00    2.0104054  -10.000  -10.000  -10.000  -10.000   -9.9999000
 5.47180E+05  4.0900270E+00  1.250E+11  1.250E+11  1.250E+11  1.250E+11  0.0000000E+00    2.0103999  -10.000  -10.000  -10.000  -10.000   -9.9999000
 5.59974E+05  4.0911879E+00  1.250E+11  1.250E+11  1.250E+11  1.250E+11  0.0000000E+00    2.0105231  -10.000  -10.000  -10.000  -10.000   -9.9999000
 5.72969E+05  4.0932134E+00  1.250E+11  1.250E+11  1.250E+11  1.250E+11  0.0000000E+00    2.0107381  -10.000  -10.000  -10.000  -10.000   -9.9999000
 5.86316E+05  4.0928139E+00  1.250E+11  1.250E+11  1.250E+11  1.250E+11  0.0000000E+00    2.0106957  -10.000  -10.000  -10.000  -10.000   -9.9999000
 5.99973E+05  4.0940892E+00  1.250E+11  1.250E+11  1.250E+11  1.250E+11  0.0000000E+00    2.0108310  -10.000  -10.000  -10.000  -10.000   -9.9999000
 6.13949E+05  4.0964996E+00  1.250E+11  1.250E+11  1.250E+11  1.250E+11  0.0000000E+00    2.0110866  -10.000  -10.000  -10.000  -10.000   -9.9999000
 6.28250E+05  4.0942325E+00  1.250E+11  1.250E+11  1.250E+11  1.250E+11  0.0000000E+00    2.0108462  -10.000  -10.000  -10.000  -10.000   -9.9999000
 6.42885E+05  4.0964229E+00  1.250E+11  1.250E+11  1.250E+11  1.250E+11  0.0000000E+00    2.0110785  -10.000  -10.000  -10.000  -10.000   -9.9999000
 6.57921E+05  4.0979648E+00  1.250E+11  1.250E+11  1.250E+11  1.250E+11  0.0000000E+00    2.0112419  -10.000  -10.000  -10.000  -10.000   -9.9999000
 6.73184E+05  4.0974488E+00  1.250E+11  1.250E+11  1.250E+11  1.250E+11  0.0000000E+00    2.0111872  -10.000  -10.000  -10.000  -10.000   -9.9999000
 6.88865E+05  4.0991677E+00  1.250E+11  1.250E+11  1.250E+11  1.250E+11  0.0000000E+00    2.0113694  -10.000  -10.000  -10.000  -10.000   -9.9999000
 7.04912E+05  4.0998598E+00  1.250E+11  1.250E+11  1.250E+11  1.250E+11  0.0000000E+00    2.0114427  -10.000  -10.000  -10.000  -10.000   -9.9999000
 7.21332E+05  4.1001288E+00  1.250E+11  1.250E+11  1.250E+11  1.250E+11  0.0000000E+00    2.0114712  -10.000  -10.000  -10.000  -10.000   -9.9999000
 7.38134E+05  4.1020852E+00  1.250E+11  1.250E+11  1.250E+11  1.250E+11  0.0000000E+00    2.0116784  -10.000  -10.000  -10.000  -10.000   -9.9999000
 7.55328E+05  4.1032767E+00  1.250E+11  1.250E+11  1.250E+11  1.250E+11  0.0000000E+00    2.0118045  -10.000  -10.000  -10.000  -10.000   -9.9999000
 7.72923E+05  4.1019419E+00  1.250E+11  1.250E+11  1.250E+11  1.250E+11  0.0000000E+00    2.0116632  -10.000  -10.000  -10.000  -10.000   -9.9999000
 7.90979E+05  4.1045357E+00  1.250E+11  1.250E+11  1.250E+11  1.250E+11  0.0000000E+00    2.0119377  -10.000  -10.000  -10.000  -10.000   -9.9999000
 8.09373E+05  4.1073370E+00  1.250E+11  1.250E+11  1.250E+11  1.250E+11  0.0000000E+00    2.0122340  -10.000  -10.000  -10.000  -10.000   -9.9999000
 8.28204E+05  4.1059904E+00  1.250E+11  1.250E+11  1.250E+11  1.250E+11  0.0000000E+00    2.0120916  -10.000  -10.000  -10.000  -10.000   -9.9999000
 8.47496E+05  4.1059995E+00  1.250E+11  1.250E+11  1.250E+11  1.250E+11  0.0000000E+00    2.0120926  -10.000  -10.000  -10.000  -10.000   -9.9999000
 8.67278E+05  4.1080625E+00  1.250E+11  1.250E+11  1.250E+11  1.250E+11  0.0000000E+00    2.0123107  -10.000  -10.000  -10.000  -10.000   -9.9999000
 8.87496E+05  4.1100316E+00  1.250E+11  1.250E+11  1.250E+11  1.250E+11  0.0000000E+00    2.0125189  -10.000  -10.000  -10.000  -10.000   -9.9999000
 9.08121E+05  4.1096408E+00  1.250E+11  1.250E+11  1.250E+11  1.250E+11  0.0000000E+00    2.0124776  -10.000  -10.000  -10.000  -10.000   -9.9999000
 9.29263E+05  4.1107828E+00  1.250E+11  1.250E+11  1.250E+11  1.250E+11  0.0000000E+00    2.0125982  -10.000  -10.000  -10.000  -10.000   -9.9999000
 9.50909E+05  4.1115403E+00  1.250E+11  1.250E+11  1.250E+11  1.250E+11  0.0000000E+00    2.0126783  -10.000  -10.000  -10.000  -10.000   -9.9999000
 9.73059E+05  4.1121041E+00  1.250E+11  1.250E+11  1.250E+11  1.250E+11  0.0000000E+00    2.0127378  -10.000  -10.000  -10.000  -10.000   -9.9999000
 9.95799E+05  4.1138325E+00  1.250E+11  1.250E+11  1.250E+11  1.250E+11  0.0000000E+00    2.0129203  -10.000  -10.000  -10.000  -10.000   -9.9999000
 1.01892E+06  4.1170639E+00  1.250E+11  1.250E+11  1.250E+11  1.250E+11  0.0000000E+00    2.0132613  -10.000  -10.000  -10.000  -10.000   -9.9999000
 1.04265E+06  4.1161484E+00  1.250E+11  1.250E+11  1.250E+11  1.250E+11  0.0000000E+00    2.0131647  -10.000  -10.000  -10.000  -10.000   -9.9999000
 1.06698E+06  4.1189116E+00  1.250E+11  1.250E+11  1.250E+11  1.250E+11  0.0000000E+00    2.0134562  -10.000  -10.000  -10.000  -10.000   -9.9999000
 1.09181E+06  4.1189970E+00  1.250E+11  1.250E+11  1.250E+11  1.250E+11  0.0000000E+00    2.0134652  -10.000  -10.000  -10.000  -10.000   -9.9999000
 1.11723E+06  4.1181026E+00  1.250E+11  1.250E+11  1.250E+11  1.250E+11  0.0000000E+00    2.0133709  -10.000  -10.000  -10.000  -10.000   -9.9999000
 1.14325E+06  4.1197951E+00  1.250E+11  1.250E+11  1.250E+11  1.250E+11  0.0000000E+00    2.0135493  -10.000  -10.000  -10.000  -10.000   -9.9999000
 1.16988E+06  4.1229510E+00  1.250E+11  1.250E+11  1.250E+11  1.250E+11  0.0000000E+00    2.0138819  -10.000  -10.000  -10.000  -10.000   -9.9999000
 1.19713E+06  4.1220956E+00  1.250E+11  1.250E+11  1.250E+11  1.250E+11  0.0000000E+00    2.0137918  -10.000  -10.000  -10.000  -10.000   -9.9999000
 1.22502E+06  4.1235172E+00  1.250E+11  1.250E+11  1.250E+11  1.250E+11  0.0000000E+00    2.0139415  -10.000  -10.000  -10.000  -10.000   -9.9999000
 1.25359E+06  4.1256039E+00  1.250E+11  1.250E+11  1.250E+11  1.250E+11  0.0000000E+00    2.0141612  -10.000  -10.000  -10.000  -10.000   -9.9999000
 1.28275E+06  4.1257925E+00  1.250E+11  1.250E+11  1.250E+11  1.250E+11  0.0000000E+00    2.0141811  -10.000  -10.000  -10.000  -10.000   -9.9999000
 1.31263E+06  4.1252462E+00  1.250E+11  1.250E+11  1.250E+11  1.250E+11  0.0000000E+00    2.0141236  -10.000  -10.000  -10.000  -10.000   -9.9999000
 1.34321E+06  4.1271243E+00  1.250E+11  1.250E+11  1.250E+11  1.250E+11  0.0000000E+00    2.0143213  -10.000  -10.000  -10.000  -10.000   -9.9999000
 1.37449E+06  4.1298556E+00  1.250E+11  1.250E+11  1.250E+11  1.250E+11  0.0000000E+00    2.0146086  -10.000  -10.000  -10.000  -10.000   -9.9999000
 1.40651E+06  4.1293458E+00  1.250E+11  1.250E+11  1.250E+11  1.250E+11  0.0000000E+00    2.0145550  -10.000  -10.000  -10.000  -10.000   -9.9999000
 1.43927E+06  4.1312141E+00  1.250E+11  1.250E+11  1.250E+11  1.250E+11  0.0000000E+00    2.0147514  -10.000  -10.000  -10.000  -10.000   -9.9999000
 1.47280E+06  4.1319007E+00  1.250E+11  1.250E+11  1.250E+11  1.250E+11  0.0000000E+00    2.0148236  -10.000  -10.000  -10.000  -10.000   -9.9999000
 1.50711E+06  4.1302148E+00  1.250E+11  1.250E+11  1.250E+11  1.250E+11  0.0000000E+00    2.0146463  -10.000  -10.000  -10.000  -10.000   -9.9999000
 1.54221E+06  4.1348979E+00  1.250E+11  1.250E+11  1.250E+11  1.250E+11  0.0000000E+00    2.0151385  -10.000  -10.000  -10.000  -10.000   -9.9999000
 1.57813E+06  4.1340533E+00  1.250E+11  1.250E+11  1.250E+11  1.250E+11  0.0000000E+00    2.0150498  -10.000  -10.000  -10.000  -10.000   -9.9999000
 1.61490E+06  4.1344012E+00  1.250E+11  1.250E+11  1.250E+11  1.250E+11  0.0000000E+00    2.0150863  -10.000  -10.000  -10.000  -10.000   -9.9999000
 1.65253E+06  4.1378191E+00  1.250E+11  1.250E+11  1.250E+11  1.250E+11  0.0000000E+00    2.0154452  -10.000  -10.000  -10.000  -10.000   -9.9999000
 1.69100E+06  4.1390289E+00  1.250E+11  1.250E+11  1.250E+11  1.250E+11  0.0000000E+00    2.0155722  -10.000  -10.000  -10.000  -10.000   -9.9999000
 1.73039E+06  4.1407177E+00  1.250E+11  1.250E+11  1.250E+11  1.250E+11  0.0000000E+00    2.0157493  -10.000  -10.000  -10.000  -10.000   -9.9999000
 1.77071E+06  4.1408714E+00  1.250E+11  1.250E+11  1.250E+11  1.250E+11  0.0000000E+00    2.0157654  -10.000  -10.000  -10.000  -10.000   -9.9999000
 1.81194E+06  4.1428168E+00  1.250E+11  1.250E+11  1.250E+11  1.250E+11  0.0000000E+00    2.0159694  -10.000  -10.000  -10.000  -10.000   -9.9999000
 1.85422E+06  4.1437027E+00  1.250E+11  1.250E+11  1.250E+11  1.250E+11  0.0000000E+00    2.0160623  -10.000  -10.000  -10.000  -10.000   -9.9999000
 1.89734E+06  4.1447850E+00  1.250E+11  1.250E+11  1.250E+11  1.250E+11  0.0000000E+00    2.0161757  -10.000  -10.000  -10.000  -10.000   -9.9999000
 1.94158E+06  4.1449583E+00  1.250E+11  1.250E+11  1.250E+11  1.250E+11  0.0000000E+00    2.0161939  -10.000  -10.000  -10.000  -10.000   -9.9999000
 1.98676E+06  4.1477199E+00  1.250E+11  1.250E+11  1.250E+11  1.250E+11  0.0000000E+00    2.0164831  -10.000  -10.000  -10.000  -10.000   -9.9999000
 2.03304E+06  4.1462506E+00  1.250E+11  1.250E+11  1.250E+11  1.250E+11  0.0000000E+00    2.0163292  -10.000  -10.000  -10.000  -10.000   -9.9999000
 2.08039E+06  4.1492681E+00  1.250E+11  1.250E+11  1.250E+11  1.250E+11  0.0000000E+00    2.0166452  -10.000  -10.000  -10.000  -10.000   -9.9999000
 2.12885E+06  4.1512171E+00  1.250E+11  1.250E+11  1.250E+11  1.250E+11  0.0000000E+00    2.0168491  -10.000  -10.000  -10.000  -10.000   -9.9999000
 2.17844E+06  4.1545002E+00  1.250E+11  1.250E+11  1.250E+11  1.250E+11  0.0000000E+00    2.0171925  -10.000  -10.000  -10.000  -10.000   -9.9999000
 2.22918E+06  4.1527681E+00  1.250E+11  1.250E+11  1.250E+11  1.250E+11  0.0000000E+00    2.0170114  -10.000  -10.000  -10.000  -10.000   -9.9999000
 2.28117E+06  4.1547273E+00  1.250E+11  1.250E+11  1.250E+11  1.250E+11  0.0000000E+00    2.0172162  -10.000  -10.000  -10.000  -10.000   -9.9999000
 2.33424E+06  4.1565973E+00  1.250E+11  1.250E+11  1.250E+11  1.250E+11  0.0000000E+00    2.0174117  -10.000  -10.000  -10.000  -10.000   -9.9999000
 2.38862E+06  4.1576278E+00  1.250E+11  1.250E+11  1.250E+11  1.250E+11  0.0000000E+00    2.0175193  -10.000  -10.000  -10.000  -10.000   -9.9999000
 2.44426E+06  4.1581096E+00  1.250E+11  1.250E+11  1.250E+11  1.250E+11  0.0000000E+00    2.0175696  -10.000  -10.000  -10.000  -10.000   -9.9999000
 2.50119E+06  4.1594908E+00  1.250E+11  1.250E+11  1.250E+11  1.250E+11  0.0000000E+00    2.0177139  -10.000  -10.000  -10.000  -10.000   -9.9999000
 2.55945E+06  4.1601339E+00  1.250E+11  1.250E+11  1.250E+11  1.250E+11  0.0000000E+00    2.0177810  -10.000  -10.000  -10.000  -10.000   -9.9999000
 2.61907E+06  4.1615130E+00  1.250E+11  1.250E+11  1.250E+11  1.250E+11  0.0000000E+00    2.0179250  -10.000  -10.000  -10.000  -10.000   -9.9999000
 2.68007E+06  4.1624081E+00  1.250E+11  1.250E+11  1.250E+11  1.250E+11  0.0000000E+00    2.0180184  -10.000  -10.000  -10.000  -10.000   -9.9999000
 2.74250E+06  4.1641774E+00  1.250E+11  1.250E+11  1.250E+11  1.250E+11  0.0000000E+00    2.0182029  -10.000  -10.000  -10.000  -10.000   -9.9999000
 2.80638E+06  4.1661229E+00  1.250E+11  1.250E+11  1.250E+11  1.250E+11  0.0000000E+00    2.0184058  -10.000  -10.000  -10.000  -10.000   -9.9999000
 2.87175E+06  4.1682393E+00  1.250E+11  1.250E+11  1.250E+11  1.250E+11  0.0000000E+00    2.0186263  -10.000  -10.000  -10.000  -10.000   -9.9999000
 2.93865E+06  4.1690254E+00  1.250E+11  1.250E+11  1.250E+11  1.250E+11  0.0000000E+00    2.0187082  -10.000  -10.000  -10.000  -10.000   -9.9999000
 3.00717E+06  4.1704623E+00  1.250E+11  1.250E+11  1.250E+11  1.250E+11  0.0000000E+00    2.0188579  -10.000  -10.000  -10.000  -10.000   -9.9999000
 3.07714E+06  4.1715200E+00  1.250E+11  1.250E+11  1.250E+11  1.250E+11  0.0000000E+00    2.0189680  -10.000  -10.000  -10.000  -10.000   -9.9999000
 3.14882E+06  4.1715314E+00  1.250E+11  1.250E+11  1.250E+11  1.250E+11  0.0000000E+00    2.0189692  -10.000  -10.000  -10.000  -10.000   -9.9999000
 3.22216E+06  4.1756358E+00  1.250E+11  1.250E+11  1.250E+11  1.250E+11  0.0000000E+00    2.0193963  -10.000  -10.000  -10.000  -10.000   -9.9999000
 3.29722E+06  4.1760977E+00  1.250E+11  1.250E+11  1.250E+11  1.250E+11  0.0000000E+00    2.0194444  -10.000  -10.000  -10.000  -10.000   -9.9999000
 3.37402E+06  4.1758932E+00  1.250E+11  1.250E+11  1.250E+11  1.250E+11  0.0000000E+00    2.0194231  -10.000  -10.000  -10.000  -10.000   -9.9999000
 3.45267E+06  4.1785543E+00  1.250E+11  1.250E+11  1.250E+11  1.250E+11  0.0000000E+00    2.0196998  -10.000  -10.000  -10.000  -10.000   -9.9999000
 3.53304E+06  4.1802631E+00  1.250E+11  1.250E+11  1.250E+11  1.250E+11  0.0000000E+00    2.0198773  -10.000  -10.000  -10.000  -10.000   -9.9999000
 3.61540E+06  4.1826072E+00  1.250E+11  1.250E+11  1.250E+11  1.250E+11  0.0000000E+00    2.0201208  -10.000  -10.000  -10.000  -10.000   -9.9999000
 3.69960E+06  4.1826646E+00  1.250E+11  1.250E+11  1.250E+11  1.250E+11  0.0000000E+00    2.0201267  -10.000  -10.000  -10.000  -10.000   -9.9999000
 3.78572E+06  4.1835989E+00  1.250E+11  1.250E+11  1.250E+11  1.250E+11  0.0000000E+00    2.0202237  -10.000  -10.000  -10.000  -10.000   -9.9999000
 3.87390E+06  4.1859144E+00  1.250E+11  1.250E+11  1.250E+11  1.250E+11  0.0000000E+00    2.0204640  -10.000  -10.000  -10.000  -10.000   -9.9999000
 3.96413E+06  4.1853953E+00  1.250E+11  1.250E+11  1.250E+11  1.250E+11  0.0000000E+00    2.0204102  -10.000  -10.000  -10.000  -10.000   -9.9999000
 4.05647E+06  4.1881425E+00  1.250E+11  1.250E+11  1.250E+11  1.250E+11  0.0000000E+00    2.0206951  -10.000  -10.000  -10.000  -10.000   -9.9999000
 4.15096E+06  4.1920350E+00  1.250E+11  1.250E+11  1.250E+11  1.250E+11  0.0000000E+00    2.0210986  -10.000  -10.000  -10.000  -10.000   -9.9999000
 4.24765E+06  4.1903427E+00  1.250E+11  1.250E+11  1.250E+11  1.250E+11  0.0000000E+00    2.0209232  -10.000  -10.000  -10.000  -10.000   -9.9999000
 4.34659E+06  4.1938742E+00  1.250E+11  1.250E+11  1.250E+11  1.250E+11  0.0000000E+00    2.0212891  -10.000  -10.000  -10.000  -10.000   -9.9999000
 4.44783E+06  4.1964418E+00  1.250E+11  1.250E+11  1.250E+11  1.250E+11  0.0000000E+00    2.0215549  -10.000  -10.000  -10.000  -10.000   -9.9999000
 4.55144E+06  4.1972267E+00  1.250E+11  1.250E+11  1.250E+11  1.250E+11  0.0000000E+00    2.0216361  -10.000  -10.000  -10.000  -10.000   -9.9999000
 4.65746E+06  4.1987072E+00  1.250E+11  1.250E+11  1.250E+11  1.250E+11  0.0000000E+00    2.0217893  -10.000  -10.000  -10.000  -10.000   -9.9999000
 4.76594E+06  4.2004310E+00  1.250E+11  1.250E+11  1.250E+11  1.250E+11  0.0000000E+00    2.0219676  -10.000  -10.000  -10.000  -10.000   -9.9999000
 4.87696E+06  4.2010579E+00  1.250E+11  1.250E+11  1.250E+11  1.250E+11  0.0000000E+00    2.0220324  -10.000  -10.000  -10.000  -10.000   -9.9999000
 4.99056E+06  4.2027609E+00  1.250E+11  1.250E+11  1.250E+11  1.250E+11  0.0000000E+00    2.0222084  -10.000  -10.000  -10.000  -10.000   -9.9999000
 5.10680E+06  4.2059243E+00  1.250E+11  1.250E+11  1.250E+11  1.250E+11  0.0000000E+00    2.0225352  -10.000  -10.000  -10.000  -10.000   -9.9999000
 5.22575E+06  4.2060528E+00  1.250E+11  1.250E+11  1.250E+11  1.250E+11  0.0000000E+00    2.0225484  -10.000  -10.000  -10.000  -10.000   -9.9999000
 5.34748E+06  4.2082837E+00  1.250E+11  1.250E+11  1.250E+11  1.250E+11  0.0000000E+00    2.0227787  -10.000  -10.000  -10.000  -10.000   -9.9999000
 5.47204E+06  4.2084185E+00  1.250E+11  1.250E+11  1.250E+11  1.250E+11  0.0000000E+00    2.0227926  -10.000  -10.000  -10.000  -10.000   -9.9999000
 5.59957E+06  4.2091243E+00  1.250E+11  1.250E+11  1.250E+11  1.250E+11  0.0000000E+00    2.0228655  -10.000  -10.000  -10.000  -10.000   -9.9999000
 5.72993E+06  4.2116344E+00  1.250E+11  1.250E+11  1.250E+11  1.250E+11  0.0000000E+00    2.0231244  -10.000  -10.000  -10.000  -10.000   -9.9999000
 5.86340E+06  4.2149426E+00  1.250E+11  1.250E+11  1.250E+11  1.250E+11  0.0000000E+00    2.0234654  -10.000  -10.000  -10.000  -10.000   -9.9999000
 5.92447E+06  4.2165733E+00  1.250E+11  1.250E+11  1.250E+11  1.250E+11  0.0000000E+00    2.0236334  -10.000  -10.000  -10.000  -10.000   -9.9999000
 5.99997E+06  4.2185222E+00  1.250E+11  1.250E+11  1.250E+11  1.250E+11  0.0000000E+00    2.0238340  -10.000  -10.000  -10.000  -10.000   -9.9999000
 6.13973E+06  4.2223524E+00  1.250E+11  1.250E+11  1.250E+11  1.250E+11  0.0000000E+00    2.0242282  -10.000  -10.000  -10.000  -10.000   -9.9999000
 6.28274E+06  4.2245294E+00  1.250E+11  1.250E+11  1.250E+11  1.250E+11  0.0000000E+00    2.0244520  -10.000  -10.000  -10.000  -10.000   -9.9999000
 6.42909E+06  4.2243011E+00  1.250E+11  1.250E+11  1.250E+11  1.250E+11  0.0000000E+00    2.0244286  -10.000  -10.000  -10.000  -10.000   -9.9999000
 6.57884E+06  4.2268548E+00  1.250E+11  1.250E+11  1.250E+11  1.250E+11  0.0000000E+00    2.0246910  -10.000  -10.000  -10.000  -10.000   -9.9999000
 6.73208E+06  4.2316648E+00  1.250E+11  1.250E+11  1.250E+11  1.250E+11  0.0000000E+00    2.0251850  -10.000  -10.000  -10.000  -10.000   -9.9999000
 6.88891E+06  4.2329119E+00  1.250E+11  1.250E+11  1.250E+11  1.250E+11  0.0000000E+00    2.0253129  -10.000  -10.000  -10.000  -10.000   -9.9999000
 7.04936E+06  4.2322569E+00  1.250E+11  1.250E+11  1.250E+11  1.250E+11  0.0000000E+00    2.0252457  -10.000  -10.000  -10.000  -10.000   -9.9999000
 7.21357E+06  4.2342104E+00  1.250E+11  1.250E+11  1.250E+11  1.250E+11  0.0000000E+00    2.0254461  -10.000  -10.000  -10.000  -10.000   -9.9999000
 7.38159E+06  4.2354414E+00  1.250E+11  1.250E+11  1.250E+11  1.250E+11  0.0000000E+00    2.0255724  -10.000  -10.000  -10.000  -10.000   -9.9999000
 7.55353E+06  4.2377545E+00  1.250E+11  1.250E+11  1.250E+11  1.250E+11  0.0000000E+00    2.0258095  -10.000  -10.000  -10.000  -10.000   -9.9999000
 7.72947E+06  4.2396125E+00  1.250E+11  1.250E+11  1.250E+11  1.250E+11  0.0000000E+00    2.0259999  -10.000  -10.000  -10.000  -10.000   -9.9999000
 7.90951E+06  4.2396243E+00  1.250E+11  1.250E+11  1.250E+11  1.250E+11  0.0000000E+00    2.0260011  -10.000  -10.000  -10.000  -10.000   -9.9999000
 8.09375E+06  4.2435121E+00  1.250E+11  1.250E+11  1.250E+11  1.250E+11  0.0000000E+00    2.0263991  -10.000  -10.000  -10.000  -10.000   -9.9999000
 8.28228E+06  4.2460631E+00  1.250E+11  1.250E+11  1.250E+11  1.250E+11  0.0000000E+00    2.0266601  -10.000  -10.000  -10.000  -10.000   -9.9999000
 8.47520E+06  4.2496342E+00  1.250E+11  1.250E+11  1.250E+11  1.250E+11  0.0000000E+00    2.0270252  -10.000  -10.000  -10.000  -10.000   -9.9999000
 8.67262E+06  4.2527903E+00  1.250E+11  1.250E+11  1.250E+11  1.250E+11  0.0000000E+00    2.0273477  -10.000  -10.000  -10.000  -10.000   -9.9999000
 8.87462E+06  4.2540259E+00  1.250E+11  1.250E+11  1.250E+11  1.250E+11  0.0000000E+00    2.0274738  -10.000  -10.000  -10.000  -10.000   -9.9999000
 9.08134E+06  4.2549667E+00  1.250E+11  1.250E+11  1.250E+11  1.250E+11  0.0000000E+00    2.0275699  -10.000  -10.000  -10.000  -10.000   -9.9999000
 9.29287E+06  4.2583947E+00  1.250E+11  1.250E+11  1.250E+11  1.250E+11  0.0000000E+00    2.0279196  -10.000  -10.000  -10.000  -10.000   -9.9999000
 9.50933E+06  4.2588177E+00  1.250E+11  1.250E+11  1.250E+11  1.250E+11  0.0000000E+00    2.0279627  -10.000  -10.000  -10.000  -10.000   -9.9999000
 9.73083E+06  4.2601320E+00  1.250E+11  1.250E+11  1.250E+11  1.250E+11  0.0000000E+00    2.0280968  -10.000  -10.000  -10.000  -10.000   -9.9999000
 9.95749E+06  4.2633979E+00  1.250E+11  1.250E+11  1.250E+11  1.250E+11  0.0000000E+00    2.0284296  -10.000  -10.000  -10.000  -10.000   -9.9999000
 1.01894E+07  4.2663553E+00  1.250E+11  1.250E+11  1.250E+11  1.250E+11  0.0000000E+00    2.0287307  -10.000  -10.000  -10.000  -10.000   -9.9999000
 1.04268E+07  4.2653743E+00  1.250E+11  1.250E+11  1.250E+11  1.250E+11  0.0000000E+00    2.0286309  -10.000  -10.000  -10.000  -10.000   -9.9999000
 1.06697E+07  4.2703360E+00  1.250E+11  1.250E+11  1.250E+11  1.250E+11  0.0000000E+00    2.0291357  -10.000  -10.000  -10.000  -10.000   -9.9999000
 1.09182E+07  4.2711231E+00  1.250E+11  1.250E+11  1.250E+11  1.250E+11  0.0000000E+00    2.0292158  -10.000  -10.000  -10.000  -10.000   -9.9999000
 1.11725E+07  4.2731299E+00  1.250E+11  1.250E+11  1.250E+11  1.250E+11  0.0000000E+00    2.0294198  -10.000  -10.000  -10.000  -10.000   -9.9999000
 1.14327E+07  4.2762502E+00  1.250E+11  1.250E+11  1.250E+11  1.250E+11  0.0000000E+00    2.0297368  -10.000  -10.000  -10.000  -10.000   -9.9999000
 1.16990E+07  4.2791770E+00  1.250E+11  1.250E+11  1.250E+11  1.250E+11  0.0000000E+00    2.0300339  -10.000  -10.000  -10.000  -10.000   -9.9999000
 1.19715E+07  4.2806855E+00  1.250E+11  1.250E+11  1.250E+11  1.250E+11  0.0000000E+00    2.0301870  -10.000  -10.000  -10.000  -10.000   -9.9999000
 1.22504E+07  4.2833412E+00  1.250E+11  1.250E+11  1.250E+11  1.250E+11  0.0000000E+00    2.0304564  -10.000  -10.000  -10.000  -10.000   -9.9999000
 1.25358E+07  4.2861241E+00  1.250E+11  1.250E+11  1.250E+11  1.250E+11  0.0000000E+00    2.0307384  -10.000  -10.000  -10.000  -10.000   -9.9999000
 1.28278E+07  4.2874552E+00  1.250E+11  1.250E+11  1.250E+11  1.250E+11  0.0000000E+00    2.0308733  -10.000  -10.000  -10.000  -10.000   -9.9999000
 1.31265E+07  4.2912286E+00  1.250E+11  1.250E+11  1.250E+11  1.250E+11  0.0000000E+00    2.0312554  -10.000  -10.000  -10.000  -10.000   -9.9999000
 1.34323E+07  4.2930333E+00  1.250E+11  1.250E+11  1.250E+11  1.250E+11  0.0000000E+00    2.0314380  -10.000  -10.000  -10.000  -10.000   -9.9999000
 1.37452E+07  4.2948450E+00  1.250E+11  1.250E+11  1.250E+11  1.250E+11  0.0000000E+00    2.0316212  -10.000  -10.000  -10.000  -10.000   -9.9999000
 1.40653E+07  4.2985446E+00  1.250E+11  1.250E+11  1.250E+11  1.250E+11  0.0000000E+00    2.0319951  -10.000  -10.000  -10.000  -10.000   -9.9999000
 1.43930E+07  4.3001021E+00  1.250E+11  1.250E+11  1.250E+11  1.250E+11  0.0000000E+00    2.0321525  -10.000  -10.000  -10.000  -10.000   -9.9999000
 1.47282E+07  4.3061261E+00  1.250E+11  1.250E+11  1.250E+11  1.250E+11  0.0000000E+00    2.0327604  -10.000  -10.000  -10.000  -10.000   -9.9999000
 1.50713E+07  4.3053112E+00  1.250E+11  1.250E+11  1.250E+11  1.250E+11  0.0000000E+00    2.0326783  -10.000  -10.000  -10.000  -10.000   -9.9999000
 1.54224E+07  4.3086730E+00  1.250E+11  1.250E+11  1.250E+11  1.250E+11  0.0000000E+00    2.0330172  -10.000  -10.000  -10.000  -10.000   -9.9999000
 1.57816E+07  4.3059093E+00  1.250E+11  1.250E+11  1.250E+11  1.250E+11  0.0000000E+00    2.0327386  -10.000  -10.000  -10.000  -10.000   -9.9999000
 1.61492E+07  4.3083689E+00  1.250E+11  1.250E+11  1.250E+11  1.250E+11  0.0000000E+00    2.0329866  -10.000  -10.000  -10.000  -10.000   -9.9999000
 1.63813E+07  4.3083689E+00  1.250E+11  1.250E+11  1.250E+11  1.250E+11  0.0000000E+00    2.0329866  -10.000  -10.000  -10.000  -10.000   -9.9999000
 1.63813E+07  4.2190324E+00  1.250E+11  1.250E+11  1.250E+11  1.250E+11  0.0000000E+00    2.0238866  -10.000  -10.000  -10.000  -10.000   -9.9999000
 1.63814E+07  4.2190324E+00  1.250E+11  1.250E+11  1.250E+11  1.250E+11  0.0000000E+00    2.0238866  -10.000  -10.000  -10.000  -10.000   -9.9999000
 1.63814E+07  4.2316112E+00  1.250E+11  1.250E+11  1.250E+11  1.250E+11  0.0000000E+00    2.0251795  -10.000  -10.000  -10.000  -10.000   -9.9999000
 1.63821E+07  4.2316112E+00  1.250E+11  1.250E+11  1.250E+11  1.250E+11  0.0000000E+00    2.0251795  -10.000  -10.000  -10.000  -10.000   -9.9999000
 1.63821E+07  4.2813554E+00  1.250E+11  1.250E+11  1.250E+11  1.250E+11  0.0000000E+00    2.0302550  -10.000  -10.000  -10.000  -10.000   -9.9999000
 1.65253E+07  4.3160741E+00  1.250E+11  1.250E+11  1.250E+11  1.250E+11  0.0000000E+00    2.0337626  -10.000  -10.000  -10.000  -10.000   -9.9999000
 1.69103E+07  4.3192901E+00  1.250E+11  1.250E+11  1.250E+11  1.250E+11  0.0000000E+00    2.0340861  -10.000  -10.000  -10.000  -10.000   -9.9999000
 1.73042E+07  4.3238512E+00  1.250E+11  1.250E+11  1.250E+11  1.250E+11  0.0000000E+00    2.0345444  -10.000  -10.000  -10.000  -10.000   -9.9999000
 1.77072E+07  4.3241331E+00  1.250E+11  1.250E+11  1.250E+11  1.250E+11  0.0000000E+00    2.0345728  -10.000  -10.000  -10.000  -10.000   -9.9999000
 1.81197E+07  4.3297144E+00  1.250E+11  1.250E+11  1.250E+11  1.250E+11  0.0000000E+00    2.0351330  -10.000  -10.000  -10.000  -10.000   -9.9999000
 1.85417E+07  4.3306046E+00  1.250E+11  1.250E+11  1.250E+11  1.250E+11  0.0000000E+00    2.0352222  -10.000  -10.000  -10.000  -10.000   -9.9999000
 1.89736E+07  4.3338447E+00  1.250E+11  1.250E+11  1.250E+11  1.250E+11  0.0000000E+00    2.0355470  -10.000  -10.000  -10.000  -10.000   -9.9999000
 1.94156E+07  4.3379774E+00  1.250E+11  1.250E+11  1.250E+11  1.250E+11  0.0000000E+00    2.0359610  -10.000  -10.000  -10.000  -10.000   -9.9999000
 1.98678E+07  4.3400099E+00  1.250E+11  1.250E+11  1.250E+11  1.250E+11  0.0000000E+00    2.0361644  -10.000  -10.000  -10.000  -10.000   -9.9999000
 2.03306E+07  4.3425192E+00  1.250E+11  1.250E+11  1.250E+11  1.250E+11  0.0000000E+00    2.0364154  -10.000  -10.000  -10.000  -10.000   -9.9999000
 2.08042E+07  4.3458307E+00  1.250E+11  1.250E+11  1.250E+11  1.250E+11  0.0000000E+00    2.0367465  -10.000  -10.000  -10.000  -10.000   -9.9999000
 2.08687E+07  4.3449202E+00  1.250E+11  1.250E+11  1.250E+11  1.250E+11  0.0000000E+00    2.0366555  -10.000  -10.000  -10.000  -10.000   -9.9999000
 2.08690E+07  4.3451003E+00  1.250E+11  1.250E+11  1.250E+11  1.250E+11  0.0000000E+00    2.0366735  -10.000  -10.000  -10.000  -10.000   -9.9999000
