 1.39290E+02  3.8663901E+00  1.250E+11  1.250E+11  1.250E+11  1.250E+11  0.0000000E+00    1.9999000  -10.000  -10.000  -10.000  -10.000   -9.9999000
 2.00530E+02  3.8687170E+00  1.250E+11  1.250E+11  1.250E+11  1.250E+11  0.0000000E+00    2.0001613  -10.000  -10.000  -10.000  -10.000   -9.9999000
 2.61990E+02  3.8688436E+00  1.250E+11  1.250E+11  1.250E+11  1.250E+11  0.0000000E+00    2.0001755  -10.000  -10.000  -10.000  -10.000   -9.9999000
 3.23890E+02  3.8672670E+00  1.250E+11  1.250E+11  1.250E+11  1.250E+11  0.0000000E+00    1.9999985  -10.000  -10.000  -10.000  -10.000   -9.9999000
 4.61700E+02  3.8688565E+00  1.250E+11  1.250E+11  1.250E+11  1.250E+11  0.0000000E+00    2.0001769  -10.000  -10.000  -10.000  -10.000   -9.9999000
 5.23160E+02  3.8678979E+00  1.250E+11  1.250E+11  1.250E+11  1.250E+11  0.0000000E+00    2.0000693  -10.000  -10.000  -10.000  -10.000   -9.9999000
 5.84570E+02  3.8699944E+00  1.250E+11  1.250E+11  1.250E+11  1.250E+11  0.0000000E+00    2.0003046  -10.000  -10.000  -10.000  -10.000   -9.9999000
 6.46030E+02  3.8691076E+00  1.250E+11  1.250E+11  1.250E+11  1.250E+11  0.0000000E+00    2.0002051  -10.000  -10.000  -10.000  -10.000   -9.9999000
 7.07600E+02  3.8682507E+00  1.250E+11  1.250E+11  1.250E+11  1.250E+11  0.0000000E+00    2.0001089  -10.000  -10.000  -10.000  -10.000   -9.9999000
 8.46020E+02  3.8686291E+00  1.250E+11  1.250E+11  1.250E+11  1.250E+11  0.0000000E+00    2.0001514  -10.000  -10.000  -10.000  -10.000   -9.9999000
 9.07260E+02  3.8688829E+00  1.250E+11  1.250E+11  1.250E+11  1.250E+11  0.0000000E+00    2.0001799  -10.000  -10.000  -10.000  -10.000   -9.9999000
 9.68610E+02  3.8675136E+00  1.250E+11  1.250E+11  1.250E+11  1.250E+11  0.0000000E+00    2.0000262  -10.000  -10.000  -10.000  -10.000   -9.9999000
 1.03013E+03  3.8697030E+00  1.250E+11  1.250E+11  1.250E+11  1.250E+11  0.0000000E+00    2.0002719  -10.000  -10.000  -10.000  -10.000   -9.9999000
 1.09148E+03  3.8692938E+00  1.250E+11  1.250E+11  1.250E+11  1.250E+11  0.0000000E+00    2.0002260  -10.000  -10.000  -10.000  -10.000   -9.9999000
 1.22978E+03  3.8711055E+00  1.250E+11  1.250E+11  1.250E+11  1.250E+11  0.0000000E+00    2.0004293  -10.000  -10.000  -10.000  -10.000   -9.9999000
 1.29135E+03  3.8691750E+00  1.250E+11  1.250E+11  1.250E+11  1.250E+11  0.0000000E+00    2.0002127  -10.000  -10.000  -10.000  -10.000   -9.9999000
 1.35259E+03  3.8704212E+00  1.250E+11  1.250E+11  1.250E+11  1.250E+11  0.0000000E+00    2.0003525  -10.000  -10.000  -10.000  -10.000   -9.9999000
 1.41405E+03  3.8695256E+00  1.250E+11  1.250E+11  1.250E+11  1.250E+11  0.0000000E+00    2.0002520  -10.000  -10.000  -10.000  -10.000   -9.9999000
 1.47541E+03  3.8713289E+00  1.250E+11  1.250E+11  1.250E+11  1.250E+11  0.0000000E+00    2.0004544  -10.000  -10.000  -10.000  -10.000   -9.9999000
 1.61398E+03  3.8703456E+00  1.250E+11  1.250E+11  1.250E+11  1.250E+11  0.0000000E+00    2.0003441  -10.000  -10.000  -10.000  -10.000   -9.9999000
 1.67550E+03  3.8706047E+00  1.250E+11  1.250E+11  1.250E+11  1.250E+11  0.0000000E+00    2.0003731  -10.000  -10.000  -10.000  -10.000   -9.9999000
 1.73718E+03  3.8700800E+00  1.250E+11  1.250E+11  1.250E+11  1.250E+11  0.0000000E+00    2.0003142  -10.000  -10.000  -10.000  -10.000   -9.9999000
 1.79848E+03  3.8716756E+00  1.250E+11  1.250E+11  1.250E+11  1.250E+11  0.0000000E+00    2.0004933  -10.000  -10.000  -10.000  -10.000   -9.9999000
 1.85978E+03  3.8704550E+00  1.250E+11  1.250E+11  1.250E+11  1.250E+11  0.0000000E+00    2.0003563  -10.000  -10.000  -10.000  -10.000   -9.9999000
 1.99890E+03  3.8709640E+00  1.250E+11  1.250E+11  1.250E+11  1.250E+11  0.0000000E+00    2.0004134  -10.000  -10.000  -10.000  -10.000   -9.9999000
 2.06080E+03  3.8694555E+00  1.250E+11  1.250E+11  1.250E+11  1.250E+11  0.0000000E+00    2.0002442  -10.000  -10.000  -10.000  -10.000   -9.9999000
 2.12243E+03  3.8721890E+00  1.250E+11  1.250E+11  1.250E+11  1.250E+11  0.0000000E+00    2.0005509  -10.000  -10.000  -10.000  -10.000   -9.9999000
 2.18389E+03  3.8701434E+00  1.250E+11  1.250E+11  1.250E+11  1.250E+11  0.0000000E+00    2.0003214  -10.000  -10.000  -10.000  -10.000   -9.9999000
 2.32181E+03  3.8707886E+00  1.250E+11  1.250E+11  1.250E+11  1.250E+11  0.0000000E+00    2.0003938  -10.000  -10.000  -10.000  -10.000   -9.9999000
 2.38343E+03  3.8704704E+00  1.250E+11  1.250E+11  1.250E+11  1.250E+11  0.0000000E+00    2.0003581  -10.000  -10.000  -10.000  -10.000   -9.9999000
 2.44484E+03  3.8711525E+00  1.250E+11  1.250E+11  1.250E+11  1.250E+11  0.0000000E+00    2.0004346  -10.000  -10.000  -10.000  -10.000   -9.9999000
 2.50614E+03  3.8722588E+00  1.250E+11  1.250E+11  1.250E+11  1.250E+11  0.0000000E+00    2.0005587  -10.000  -10.000  -10.000  -10.000   -9.9999000
 2.56787E+03  3.8694406E+00  1.250E+11  1.250E+11  1.250E+11  1.250E+11  0.0000000E+00    2.0002425  -10.000  -10.000  -10.000  -10.000   -9.9999000
 2.70651E+03  3.8709921E+00  1.250E+11  1.250E+11  1.250E+11  1.250E+11  0.0000000E+00    2.0004166  -10.000  -10.000  -10.000  -10.000   -9.9999000
 2.76830E+03  3.8700213E+00  1.250E+11  1.250E+11  1.250E+11  1.250E+11  0.0000000E+00    2.0003077  -10.000  -10.000  -10.000  -10.000   -9.9999000
 2.82976E+03  3.8716934E+00  1.250E+11  1.250E+11  1.250E+11  1.250E+11  0.0000000E+00    2.0004953  -10.000  -10.000  -10.000  -10.000   -9.9999000
 2.89100E+03  3.8708951E+00  1.250E+11  1.250E+11  1.250E+11  1.250E+11  0.0000000E+00    2.0004057  -10.000  -10.000  -10.000  -10.000   -9.9999000
 2.95241E+03  3.8724871E+00  1.250E+11  1.250E+11  1.250E+11  1.250E+11  0.0000000E+00    2.0005843  -10.000  -10.000  -10.000  -10.000   -9.9999000
 3.09137E+03  3.8716228E+00  1.250E+11  1.250E+11  1.250E+11  1.250E+11  0.0000000E+00    2.0004873  -10.000  -10.000  -10.000  -10.000   -9.9999000
 3.15267E+03  3.8730477E+00  1.250E+11  1.250E+11  1.250E+11  1.250E+11  0.0000000E+00    2.0006472  -10.000  -10.000  -10.000  -10.000   -9.9999000
 3.21402E+03  3.8710827E+00  1.250E+11  1.250E+11  1.250E+11  1.250E+11  0.0000000E+00    2.0004268  -10.000  -10.000  -10.000  -10.000   -9.9999000
 3.27548E+03  3.8724907E+00  1.250E+11  1.250E+11  1.250E+11  1.250E+11  0.0000000E+00    2.0005847  -10.000  -10.000  -10.000  -10.000   -9.9999000
 3.41510E+03  3.8718585E+00  1.250E+11  1.250E+11  1.250E+11  1.250E+11  0.0000000E+00    2.0005138  -10.000  -10.000  -10.000  -10.000   -9.9999000
 3.47651E+03  3.8725427E+00  1.250E+11  1.250E+11  1.250E+11  1.250E+11  0.0000000E+00    2.0005905  -10.000  -10.000  -10.000  -10.000   -9.9999000
 3.53813E+03  3.8716291E+00  1.250E+11  1.250E+11  1.250E+11  1.250E+11  0.0000000E+00    2.0004881  -10.000  -10.000  -10.000  -10.000   -9.9999000
 3.59970E+03  3.8721750E+00  1.250E+11  1.250E+11  1.250E+11  1.250E+11  0.0000000E+00    2.0005493  -10.000  -10.000  -10.000  -10.000   -9.9999000
 3.67270E+03  3.8707622E+00  1.250E+11  1.250E+11  1.250E+11  1.250E+11  0.0000000E+00    2.0003908  -10.000  -10.000  -10.000  -10.000   -9.9999000
 3.81111E+03  3.8721685E+00  1.250E+11  1.250E+11  1.250E+11  1.250E+11  0.0000000E+00    2.0005486  -10.000  -10.000  -10.000  -10.000   -9.9999000
 3.87312E+03  3.8712897E+00  1.250E+11  1.250E+11  1.250E+11  1.250E+11  0.0000000E+00    2.0004500  -10.000  -10.000  -10.000  -10.000   -9.9999000
 3.93728E+03  3.8734038E+00  1.250E+11  1.250E+11  1.250E+11  1.250E+11  0.0000000E+00    2.0006871  -10.000  -10.000  -10.000  -10.000   -9.9999000
 4.02961E+03  3.8718790E+00  1.250E+11  1.250E+11  1.250E+11  1.250E+11  0.0000000E+00    2.0005161  -10.000  -10.000  -10.000  -10.000   -9.9999000
 4.16824E+03  3.8724675E+00  1.250E+11  1.250E+11  1.250E+11  1.250E+11  0.0000000E+00    2.0005821  -10.000  -10.000  -10.000  -10.000   -9.9999000
 4.22954E+03  3.8711677E+00  1.250E+11  1.250E+11  1.250E+11  1.250E+11  0.0000000E+00    2.0004363  -10.000  -10.000  -10.000  -10.000   -9.9999000
 4.31972E+03  3.8728804E+00  1.250E+11  1.250E+11  1.250E+11  1.250E+11  0.0000000E+00    2.0006284  -10.000  -10.000  -10.000  -10.000   -9.9999000
 4.42095E+03  3.8726208E+00  1.250E+11  1.250E+11  1.250E+11  1.250E+11  0.0000000E+00    2.0005993  -10.000  -10.000  -10.000  -10.000   -9.9999000
 4.55931E+03  3.8718460E+00  1.250E+11  1.250E+11  1.250E+11  1.250E+11  0.0000000E+00    2.0005124  -10.000  -10.000  -10.000  -10.000   -9.9999000
 4.63060E+03  3.8718829E+00  1.250E+11  1.250E+11  1.250E+11  1.250E+11  0.0000000E+00    2.0005165  -10.000  -10.000  -10.000  -10.000   -9.9999000
 4.73908E+03  3.8723889E+00  1.250E+11  1.250E+11  1.250E+11  1.250E+11  0.0000000E+00    2.0005733  -10.000  -10.000  -10.000  -10.000   -9.9999000
 4.88908E+03  3.8727818E+00  1.250E+11  1.250E+11  1.250E+11  1.250E+11  0.0000000E+00    2.0006173  -10.000  -10.000  -10.000  -10.000   -9.9999000
 4.96367E+03  3.8713174E+00  1.250E+11  1.250E+11  1.250E+11  1.250E+11  0.0000000E+00    2.0004531  -10.000  -10.000  -10.000  -10.000   -9.9999000
 5.08011E+03  3.8744745E+00  1.250E+11  1.250E+11  1.250E+11  1.250E+11  0.0000000E+00    2.0008071  -10.000  -10.000  -10.000  -10.000   -9.9999000
 5.26181E+03  3.8713581E+00  1.250E+11  1.250E+11  1.250E+11  1.250E+11  0.0000000E+00    2.0004576  -10.000  -10.000  -10.000  -10.000   -9.9999000
 5.32338E+03  3.8738469E+00  1.250E+11  1.250E+11  1.250E+11  1.250E+11  0.0000000E+00    2.0007368  -10.000  -10.000  -10.000  -10.000   -9.9999000
 5.44520E+03  3.8725215E+00  1.250E+11  1.250E+11  1.250E+11  1.250E+11  0.0000000E+00    2.0005881  -10.000  -10.000  -10.000  -10.000   -9.9999000
 5.62772E+03  3.8736270E+00  1.250E+11  1.250E+11  1.250E+11  1.250E+11  0.0000000E+00    2.0007121  -10.000  -10.000  -10.000  -10.000   -9.9999000
 5.70308E+03  3.8723156E+00  1.250E+11  1.250E+11  1.250E+11  1.250E+11  0.0000000E+00    2.0005651  -10.000  -10.000  -10.000  -10.000   -9.9999000
 5.83655E+03  3.8733400E+00  1.250E+11  1.250E+11  1.250E+11  1.250E+11  0.0000000E+00    2.0006799  -10.000  -10.000  -10.000  -10.000   -9.9999000
 5.99709E+03  3.8733484E+00  1.250E+11  1.250E+11  1.250E+11  1.250E+11  0.0000000E+00    2.0006809  -10.000  -10.000  -10.000  -10.000   -9.9999000
 6.11299E+03  3.8743542E+00  1.250E+11  1.250E+11  1.250E+11  1.250E+11  0.0000000E+00    2.0007936  -10.000  -10.000  -10.000  -10.000   -9.9999000
 6.25590E+03  3.8724074E+00  1.250E+11  1.250E+11  1.250E+11  1.250E+11  0.0000000E+00    2.0005753  -10.000  -10.000  -10.000  -10.000   -9.9999000
 6.40222E+03  3.8732939E+00  1.250E+11  1.250E+11  1.250E+11  1.250E+11  0.0000000E+00    2.0006748  -10.000  -10.000  -10.000  -10.000   -9.9999000
 6.55195E+03  3.8734581E+00  1.250E+11  1.250E+11  1.250E+11  1.250E+11  0.0000000E+00    2.0006932  -10.000  -10.000  -10.000  -10.000   -9.9999000
 6.73414E+03  3.8744466E+00  1.250E+11  1.250E+11  1.250E+11  1.250E+11  0.0000000E+00    2.0008040  -10.000  -10.000  -10.000  -10.000   -9.9999000
 6.86206E+03  3.8737446E+00  1.250E+11  1.250E+11  1.250E+11  1.250E+11  0.0000000E+00    2.0007253  -10.000  -10.000  -10.000  -10.000   -9.9999000
 7.09857E+03  3.8741334E+00  1.250E+11  1.250E+11  1.250E+11  1.250E+11  0.0000000E+00    2.0007689  -10.000  -10.000  -10.000  -10.000   -9.9999000
 7.18667E+03  3.8750388E+00  1.250E+11  1.250E+11  1.250E+11  1.250E+11  0.0000000E+00    2.0008704  -10.000  -10.000  -10.000  -10.000   -9.9999000
 7.35474E+03  3.8736846E+00  1.250E+11  1.250E+11  1.250E+11  1.250E+11  0.0000000E+00    2.0007186  -10.000  -10.000  -10.000  -10.000   -9.9999000
 7.52666E+03  3.8747657E+00  1.250E+11  1.250E+11  1.250E+11  1.250E+11  0.0000000E+00    2.0008398  -10.000  -10.000  -10.000  -10.000   -9.9999000
 7.70258E+03  3.8730658E+00  1.250E+11  1.250E+11  1.250E+11  1.250E+11  0.0000000E+00    2.0006492  -10.000  -10.000  -10.000  -10.000   -9.9999000
 7.88263E+03  3.8758926E+00  1.250E+11  1.250E+11  1.250E+11  1.250E+11  0.0000000E+00    2.0009660  -10.000  -10.000  -10.000  -10.000   -9.9999000
 8.06691E+03  3.8740235E+00  1.250E+11  1.250E+11  1.250E+11  1.250E+11  0.0000000E+00    2.0007566  -10.000  -10.000  -10.000  -10.000   -9.9999000
 8.25541E+03  3.8767071E+00  1.250E+11  1.250E+11  1.250E+11  1.250E+11  0.0000000E+00    2.0010573  -10.000  -10.000  -10.000  -10.000   -9.9999000
 8.44836E+03  3.8735031E+00  1.250E+11  1.250E+11  1.250E+11  1.250E+11  0.0000000E+00    2.0006982  -10.000  -10.000  -10.000  -10.000   -9.9999000
 8.64576E+03  3.8743066E+00  1.250E+11  1.250E+11  1.250E+11  1.250E+11  0.0000000E+00    2.0007883  -10.000  -10.000  -10.000  -10.000   -9.9999000
 8.84778E+03  3.8749323E+00  1.250E+11  1.250E+11  1.250E+11  1.250E+11  0.0000000E+00    2.0008584  -10.000  -10.000  -10.000  -10.000   -9.9999000
 9.05447E+03  3.8752342E+00  1.250E+11  1.250E+11  1.250E+11  1.250E+11  0.0000000E+00    2.0008923  -10.000  -10.000  -10.000  -10.000   -9.9999000
 9.32409E+03  3.8744308E+00  1.250E+11  1.250E+11  1.250E+11  1.250E+11  0.0000000E+00    2.0008022  -10.000  -10.000  -10.000  -10.000   -9.9999000
 9.48244E+03  3.8749559E+00  1.250E+11  1.250E+11  1.250E+11  1.250E+11  0.0000000E+00    2.0008611  -10.000  -10.000  -10.000  -10.000   -9.9999000
 9.70396E+03  3.8737754E+00  1.250E+11  1.250E+11  1.250E+11  1.250E+11  0.0000000E+00    2.0007287  -10.000  -10.000  -10.000  -10.000   -9.9999000
 9.93075E+03  3.8755387E+00  1.250E+11  1.250E+11  1.250E+11  1.250E+11  0.0000000E+00    2.0009264  -10.000  -10.000  -10.000  -10.000   -9.9999000
 1.01626E+04  3.8758261E+00  1.250E+11  1.250E+11  1.250E+11  1.250E+11  0.0000000E+00    2.0009586  -10.000  -10.000  -10.000  -10.000   -9.9999000
 1.04404E+04  3.8752799E+00  1.250E+11  1.250E+11  1.250E+11  1.250E+11  0.0000000E+00    2.0008974  -10.000  -10.000  -10.000  -10.000   -9.9999000
 1.06428E+04  3.8761772E+00  1.250E+11  1.250E+11  1.250E+11  1.250E+11  0.0000000E+00    2.0009979  -10.000  -10.000  -10.000  -10.000   -9.9999000
 1.08913E+04  3.8762834E+00  1.250E+11  1.250E+11  1.250E+11  1.250E+11  0.0000000E+00    2.0010098  -10.000  -10.000  -10.000  -10.000   -9.9999000
 1.11711E+04  3.8765247E+00  1.250E+11  1.250E+11  1.250E+11  1.250E+11  0.0000000E+00    2.0010369  -10.000  -10.000  -10.000  -10.000   -9.9999000
 1.14059E+04  3.8755704E+00  1.250E+11  1.250E+11  1.250E+11  1.250E+11  0.0000000E+00    2.0009299  -10.000  -10.000  -10.000  -10.000   -9.9999000
 1.16722E+04  3.8764928E+00  1.250E+11  1.250E+11  1.250E+11  1.250E+11  0.0000000E+00    2.0010333  -10.000  -10.000  -10.000  -10.000   -9.9999000
 1.19447E+04  3.8750796E+00  1.250E+11  1.250E+11  1.250E+11  1.250E+11  0.0000000E+00    2.0008749  -10.000  -10.000  -10.000  -10.000   -9.9999000
 1.22783E+04  3.8773977E+00  1.250E+11  1.250E+11  1.250E+11  1.250E+11  0.0000000E+00    2.0011347  -10.000  -10.000  -10.000  -10.000   -9.9999000
 1.25089E+04  3.8756908E+00  1.250E+11  1.250E+11  1.250E+11  1.250E+11  0.0000000E+00    2.0009434  -10.000  -10.000  -10.000  -10.000   -9.9999000
 1.28009E+04  3.8782521E+00  1.250E+11  1.250E+11  1.250E+11  1.250E+11  0.0000000E+00    2.0012303  -10.000  -10.000  -10.000  -10.000   -9.9999000
 1.30997E+04  3.8762736E+00  1.250E+11  1.250E+11  1.250E+11  1.250E+11  0.0000000E+00    2.0010087  -10.000  -10.000  -10.000  -10.000   -9.9999000
 1.34054E+04  3.8774304E+00  1.250E+11  1.250E+11  1.250E+11  1.250E+11  0.0000000E+00    2.0011383  -10.000  -10.000  -10.000  -10.000   -9.9999000
 1.37497E+04  3.8764950E+00  1.250E+11  1.250E+11  1.250E+11  1.250E+11  0.0000000E+00    2.0010335  -10.000  -10.000  -10.000  -10.000   -9.9999000
 1.41206E+04  3.8777563E+00  1.250E+11  1.250E+11  1.250E+11  1.250E+11  0.0000000E+00    2.0011748  -10.000  -10.000  -10.000  -10.000   -9.9999000
 1.43661E+04  3.8772519E+00  1.250E+11  1.250E+11  1.250E+11  1.250E+11  0.0000000E+00    2.0011183  -10.000  -10.000  -10.000  -10.000   -9.9999000
 1.47014E+04  3.8790019E+00  1.250E+11  1.250E+11  1.250E+11  1.250E+11  0.0000000E+00    2.0013143  -10.000  -10.000  -10.000  -10.000   -9.9999000
 1.50444E+04  3.8758308E+00  1.250E+11  1.250E+11  1.250E+11  1.250E+11  0.0000000E+00    2.0009591  -10.000  -10.000  -10.000  -10.000   -9.9999000
 1.53955E+04  3.8777655E+00  1.250E+11  1.250E+11  1.250E+11  1.250E+11  0.0000000E+00    2.0011759  -10.000  -10.000  -10.000  -10.000   -9.9999000
 1.57547E+04  3.8790025E+00  1.250E+11  1.250E+11  1.250E+11  1.250E+11  0.0000000E+00    2.0013144  -10.000  -10.000  -10.000  -10.000   -9.9999000
 1.61245E+04  3.8767838E+00  1.250E+11  1.250E+11  1.250E+11  1.250E+11  0.0000000E+00    2.0010659  -10.000  -10.000  -10.000  -10.000   -9.9999000
 1.64985E+04  3.8778568E+00  1.250E+11  1.250E+11  1.250E+11  1.250E+11  0.0000000E+00    2.0011861  -10.000  -10.000  -10.000  -10.000   -9.9999000
 1.68834E+04  3.8774754E+00  1.250E+11  1.250E+11  1.250E+11  1.250E+11  0.0000000E+00    2.0011434  -10.000  -10.000  -10.000  -10.000   -9.9999000
 1.72773E+04  3.8784192E+00  1.250E+11  1.250E+11  1.250E+11  1.250E+11  0.0000000E+00    2.0012491  -10.000  -10.000  -10.000  -10.000   -9.9999000
 1.76803E+04  3.8769685E+00  1.250E+11  1.250E+11  1.250E+11  1.250E+11  0.0000000E+00    2.0010866  -10.000  -10.000  -10.000  -10.000   -9.9999000
 1.80928E+04  3.8790888E+00  1.250E+11  1.250E+11  1.250E+11  1.250E+11  0.0000000E+00    2.0013240  -10.000  -10.000  -10.000  -10.000   -9.9999000
 1.85624E+04  3.8770052E+00  1.250E+11  1.250E+11  1.250E+11  1.250E+11  0.0000000E+00    2.0010907  -10.000  -10.000  -10.000  -10.000   -9.9999000
 1.89468E+04  3.8799295E+00  1.250E+11  1.250E+11  1.250E+11  1.250E+11  0.0000000E+00    2.0014181  -10.000  -10.000  -10.000  -10.000   -9.9999000
 1.93887E+04  3.8774101E+00  1.250E+11  1.250E+11  1.250E+11  1.250E+11  0.0000000E+00    2.0011360  -10.000  -10.000  -10.000  -10.000   -9.9999000
 1.98409E+04  3.8794282E+00  1.250E+11  1.250E+11  1.250E+11  1.250E+11  0.0000000E+00    2.0013620  -10.000  -10.000  -10.000  -10.000   -9.9999000
 2.03038E+04  3.8782013E+00  1.250E+11  1.250E+11  1.250E+11  1.250E+11  0.0000000E+00    2.0012247  -10.000  -10.000  -10.000  -10.000   -9.9999000
 2.07773E+04  3.8791100E+00  1.250E+11  1.250E+11  1.250E+11  1.250E+11  0.0000000E+00    2.0013264  -10.000  -10.000  -10.000  -10.000   -9.9999000
 2.12619E+04  3.8798632E+00  1.250E+11  1.250E+11  1.250E+11  1.250E+11  0.0000000E+00    2.0014107  -10.000  -10.000  -10.000  -10.000   -9.9999000
 2.17578E+04  3.8811293E+00  1.250E+11  1.250E+11  1.250E+11  1.250E+11  0.0000000E+00    2.0015524  -10.000  -10.000  -10.000  -10.000   -9.9999000
 2.22652E+04  3.8805834E+00  1.250E+11  1.250E+11  1.250E+11  1.250E+11  0.0000000E+00    2.0014913  -10.000  -10.000  -10.000  -10.000   -9.9999000
 2.27845E+04  3.8796055E+00  1.250E+11  1.250E+11  1.250E+11  1.250E+11  0.0000000E+00    2.0013819  -10.000  -10.000  -10.000  -10.000   -9.9999000
 2.33385E+04  3.8799616E+00  1.250E+11  1.250E+11  1.250E+11  1.250E+11  0.0000000E+00    2.0014217  -10.000  -10.000  -10.000  -10.000   -9.9999000
 2.38595E+04  3.8800628E+00  1.250E+11  1.250E+11  1.250E+11  1.250E+11  0.0000000E+00    2.0014331  -10.000  -10.000  -10.000  -10.000   -9.9999000
 2.44450E+04  3.8800730E+00  1.250E+11  1.250E+11  1.250E+11  1.250E+11  0.0000000E+00    2.0014342  -10.000  -10.000  -10.000  -10.000   -9.9999000
 2.49854E+04  3.8811431E+00  1.250E+11  1.250E+11  1.250E+11  1.250E+11  0.0000000E+00    2.0015540  -10.000  -10.000  -10.000  -10.000   -9.9999000
 2.55715E+04  3.8825555E+00  1.250E+11  1.250E+11  1.250E+11  1.250E+11  0.0000000E+00    2.0017120  -10.000  -10.000  -10.000  -10.000   -9.9999000
 2.61640E+04  3.8809046E+00  1.250E+11  1.250E+11  1.250E+11  1.250E+11  0.0000000E+00    2.0015273  -10.000  -10.000  -10.000  -10.000   -9.9999000
 2.67741E+04  3.8818687E+00  1.250E+11  1.250E+11  1.250E+11  1.250E+11  0.0000000E+00    2.0016351  -10.000  -10.000  -10.000  -10.000   -9.9999000
 2.74126E+04  3.8810528E+00  1.250E+11  1.250E+11  1.250E+11  1.250E+11  0.0000000E+00    2.0015439  -10.000  -10.000  -10.000  -10.000   -9.9999000
 2.80372E+04  3.8823916E+00  1.250E+11  1.250E+11  1.250E+11  1.250E+11  0.0000000E+00    2.0016936  -10.000  -10.000  -10.000  -10.000   -9.9999000
 2.86909E+04  3.8818746E+00  1.250E+11  1.250E+11  1.250E+11  1.250E+11  0.0000000E+00    2.0016358  -10.000  -10.000  -10.000  -10.000   -9.9999000
 2.93662E+04  3.8841075E+00  1.250E+11  1.250E+11  1.250E+11  1.250E+11  0.0000000E+00    2.0018855  -10.000  -10.000  -10.000  -10.000   -9.9999000
 3.00443E+04  3.8818717E+00  1.250E+11  1.250E+11  1.250E+11  1.250E+11  0.0000000E+00    2.0016355  -10.000  -10.000  -10.000  -10.000   -9.9999000
 3.07448E+04  3.8837025E+00  1.250E+11  1.250E+11  1.250E+11  1.250E+11  0.0000000E+00    2.0018403  -10.000  -10.000  -10.000  -10.000   -9.9999000
 3.14672E+04  3.8836231E+00  1.250E+11  1.250E+11  1.250E+11  1.250E+11  0.0000000E+00    2.0018314  -10.000  -10.000  -10.000  -10.000   -9.9999000
 3.22014E+04  3.8837132E+00  1.250E+11  1.250E+11  1.250E+11  1.250E+11  0.0000000E+00    2.0018415  -10.000  -10.000  -10.000  -10.000   -9.9999000
 3.29456E+04  3.8830914E+00  1.250E+11  1.250E+11  1.250E+11  1.250E+11  0.0000000E+00    2.0017719  -10.000  -10.000  -10.000  -10.000   -9.9999000
 3.37136E+04  3.8844251E+00  1.250E+11  1.250E+11  1.250E+11  1.250E+11  0.0000000E+00    2.0019211  -10.000  -10.000  -10.000  -10.000   -9.9999000
 3.44995E+04  3.8846183E+00  1.250E+11  1.250E+11  1.250E+11  1.250E+11  0.0000000E+00    2.0019427  -10.000  -10.000  -10.000  -10.000   -9.9999000
 3.53037E+04  3.8861650E+00  1.250E+11  1.250E+11  1.250E+11  1.250E+11  0.0000000E+00    2.0021155  -10.000  -10.000  -10.000  -10.000   -9.9999000
 3.61267E+04  3.8848072E+00  1.250E+11  1.250E+11  1.250E+11  1.250E+11  0.0000000E+00    2.0019638  -10.000  -10.000  -10.000  -10.000   -9.9999000
 3.69702E+04  3.8872593E+00  1.250E+11  1.250E+11  1.250E+11  1.250E+11  0.0000000E+00    2.0022378  -10.000  -10.000  -10.000  -10.000   -9.9999000
 3.78305E+04  3.8866387E+00  1.250E+11  1.250E+11  1.250E+11  1.250E+11  0.0000000E+00    2.0021685  -10.000  -10.000  -10.000  -10.000   -9.9999000
 3.87124E+04  3.8874981E+00  1.250E+11  1.250E+11  1.250E+11  1.250E+11  0.0000000E+00    2.0022645  -10.000  -10.000  -10.000  -10.000   -9.9999000
 3.96147E+04  3.8859616E+00  1.250E+11  1.250E+11  1.250E+11  1.250E+11  0.0000000E+00    2.0020928  -10.000  -10.000  -10.000  -10.000   -9.9999000
 4.05381E+04  3.8874747E+00  1.250E+11  1.250E+11  1.250E+11  1.250E+11  0.0000000E+00    2.0022619  -10.000  -10.000  -10.000  -10.000   -9.9999000
 4.14830E+04  3.8868645E+00  1.250E+11  1.250E+11  1.250E+11  1.250E+11  0.0000000E+00    2.0021937  -10.000  -10.000  -10.000  -10.000   -9.9999000
 4.25002E+04  3.8883622E+00  1.250E+11  1.250E+11  1.250E+11  1.250E+11  0.0000000E+00    2.0023610  -10.000  -10.000  -10.000  -10.000   -9.9999000
 4.34393E+04  3.8875622E+00  1.250E+11  1.250E+11  1.250E+11  1.250E+11  0.0000000E+00    2.0022717  -10.000  -10.000  -10.000  -10.000   -9.9999000
 4.44518E+04  3.8868700E+00  1.250E+11  1.250E+11  1.250E+11  1.250E+11  0.0000000E+00    2.0021943  -10.000  -10.000  -10.000  -10.000   -9.9999000
 4.54878E+04  3.8881997E+00  1.250E+11  1.250E+11  1.250E+11  1.250E+11  0.0000000E+00    2.0023429  -10.000  -10.000  -10.000  -10.000   -9.9999000
 4.65490E+04  3.8878590E+00  1.250E+11  1.250E+11  1.250E+11  1.250E+11  0.0000000E+00    2.0023048  -10.000  -10.000  -10.000  -10.000   -9.9999000
 4.76569E+04  3.8892945E+00  1.250E+11  1.250E+11  1.250E+11  1.250E+11  0.0000000E+00    2.0024651  -10.000  -10.000  -10.000  -10.000   -9.9999000
 4.87620E+04  3.8893508E+00  1.250E+11  1.250E+11  1.250E+11  1.250E+11  0.0000000E+00    2.0024714  -10.000  -10.000  -10.000  -10.000   -9.9999000
 4.98853E+04  3.8915453E+00  1.250E+11  1.250E+11  1.250E+11  1.250E+11  0.0000000E+00    2.0027164  -10.000  -10.000  -10.000  -10.000   -9.9999000
 5.10414E+04  3.8893329E+00  1.250E+11  1.250E+11  1.250E+11  1.250E+11  0.0000000E+00    2.0024694  -10.000  -10.000  -10.000  -10.000   -9.9999000
 5.22309E+04  3.8920103E+00  1.250E+11  1.250E+11  1.250E+11  1.250E+11  0.0000000E+00    2.0027683  -10.000  -10.000  -10.000  -10.000   -9.9999000
 5.34482E+04  3.8917225E+00  1.250E+11  1.250E+11  1.250E+11  1.250E+11  0.0000000E+00    2.0027362  -10.000  -10.000  -10.000  -10.000   -9.9999000
 5.47010E+04  3.8913315E+00  1.250E+11  1.250E+11  1.250E+11  1.250E+11  0.0000000E+00    2.0026925  -10.000  -10.000  -10.000  -10.000   -9.9999000
 5.59684E+04  3.8919047E+00  1.250E+11  1.250E+11  1.250E+11  1.250E+11  0.0000000E+00    2.0027565  -10.000  -10.000  -10.000  -10.000   -9.9999000
 5.72809E+04  3.8933565E+00  1.250E+11  1.250E+11  1.250E+11  1.250E+11  0.0000000E+00    2.0029185  -10.000  -10.000  -10.000  -10.000   -9.9999000
 5.86074E+04  3.8910056E+00  1.250E+11  1.250E+11  1.250E+11  1.250E+11  0.0000000E+00    2.0026562  -10.000  -10.000  -10.000  -10.000   -9.9999000
 5.99733E+04  3.8931940E+00  1.250E+11  1.250E+11  1.250E+11  1.250E+11  0.0000000E+00    2.0029004  -10.000  -10.000  -10.000  -10.000   -9.9999000
 6.13707E+04  3.8925315E+00  1.250E+11  1.250E+11  1.250E+11  1.250E+11  0.0000000E+00    2.0028264  -10.000  -10.000  -10.000  -10.000   -9.9999000
 6.28346E+04  3.8947133E+00  1.250E+11  1.250E+11  1.250E+11  1.250E+11  0.0000000E+00    2.0030698  -10.000  -10.000  -10.000  -10.000   -9.9999000
 6.43149E+04  3.8943153E+00  1.250E+11  1.250E+11  1.250E+11  1.250E+11  0.0000000E+00    2.0030254  -10.000  -10.000  -10.000  -10.000   -9.9999000
 6.57866E+04  3.8958387E+00  1.250E+11  1.250E+11  1.250E+11  1.250E+11  0.0000000E+00    2.0031953  -10.000  -10.000  -10.000  -10.000   -9.9999000
 6.72942E+04  3.8949146E+00  1.250E+11  1.250E+11  1.250E+11  1.250E+11  0.0000000E+00    2.0030922  -10.000  -10.000  -10.000  -10.000   -9.9999000
 6.88623E+04  3.8970965E+00  1.250E+11  1.250E+11  1.250E+11  1.250E+11  0.0000000E+00    2.0033355  -10.000  -10.000  -10.000  -10.000   -9.9999000
 7.04670E+04  3.8954983E+00  1.250E+11  1.250E+11  1.250E+11  1.250E+11  0.0000000E+00    2.0031573  -10.000  -10.000  -10.000  -10.000   -9.9999000
 7.21090E+04  3.8981596E+00  1.250E+11  1.250E+11  1.250E+11  1.250E+11  0.0000000E+00    2.0034539  -10.000  -10.000  -10.000  -10.000   -9.9999000
 7.37897E+04  3.8970228E+00  1.250E+11  1.250E+11  1.250E+11  1.250E+11  0.0000000E+00    2.0033272  -10.000  -10.000  -10.000  -10.000   -9.9999000
 7.55087E+04  3.8981282E+00  1.250E+11  1.250E+11  1.250E+11  1.250E+11  0.0000000E+00    2.0034504  -10.000  -10.000  -10.000  -10.000   -9.9999000
 7.72681E+04  3.9003583E+00  1.250E+11  1.250E+11  1.250E+11  1.250E+11  0.0000000E+00    2.0036988  -10.000  -10.000  -10.000  -10.000   -9.9999000
 7.90685E+04  3.8977501E+00  1.250E+11  1.250E+11  1.250E+11  1.250E+11  0.0000000E+00    2.0034083  -10.000  -10.000  -10.000  -10.000   -9.9999000
 8.09109E+04  3.9000656E+00  1.250E+11  1.250E+11  1.250E+11  1.250E+11  0.0000000E+00    2.0036662  -10.000  -10.000  -10.000  -10.000   -9.9999000
 8.27962E+04  3.8998941E+00  1.250E+11  1.250E+11  1.250E+11  1.250E+11  0.0000000E+00    2.0036471  -10.000  -10.000  -10.000  -10.000   -9.9999000
 8.47254E+04  3.9005385E+00  1.250E+11  1.250E+11  1.250E+11  1.250E+11  0.0000000E+00    2.0037189  -10.000  -10.000  -10.000  -10.000   -9.9999000
 8.66995E+04  3.8992460E+00  1.250E+11  1.250E+11  1.250E+11  1.250E+11  0.0000000E+00    2.0035749  -10.000  -10.000  -10.000  -10.000   -9.9999000
 8.87196E+04  3.9006686E+00  1.250E+11  1.250E+11  1.250E+11  1.250E+11  0.0000000E+00    2.0037334  -10.000  -10.000  -10.000  -10.000   -9.9999000
 9.08618E+04  3.9015832E+00  1.250E+11  1.250E+11  1.250E+11  1.250E+11  0.0000000E+00    2.0038352  -10.000  -10.000  -10.000  -10.000   -9.9999000
 9.29021E+04  3.9020807E+00  1.250E+11  1.250E+11  1.250E+11  1.250E+11  0.0000000E+00    2.0038905  -10.000  -10.000  -10.000  -10.000   -9.9999000
 9.50667E+04  3.9020185E+00  1.250E+11  1.250E+11  1.250E+11  1.250E+11  0.0000000E+00    2.0038836  -10.000  -10.000  -10.000  -10.000   -9.9999000
 9.72817E+04  3.9043736E+00  1.250E+11  1.250E+11  1.250E+11  1.250E+11  0.0000000E+00    2.0041457  -10.000  -10.000  -10.000  -10.000   -9.9999000
 9.95483E+04  3.9035490E+00  1.250E+11  1.250E+11  1.250E+11  1.250E+11  0.0000000E+00    2.0040539  -10.000  -10.000  -10.000  -10.000   -9.9999000
 1.01907E+05  3.9049030E+00  1.250E+11  1.250E+11  1.250E+11  1.250E+11  0.0000000E+00    2.0042046  -10.000  -10.000  -10.000  -10.000   -9.9999000
 1.04253E+05  3.9048176E+00  1.250E+11  1.250E+11  1.250E+11  1.250E+11  0.0000000E+00    2.0041951  -10.000  -10.000  -10.000  -10.000   -9.9999000
 1.06735E+05  3.9060918E+00  1.250E+11  1.250E+11  1.250E+11  1.250E+11  0.0000000E+00    2.0043368  -10.000  -10.000  -10.000  -10.000   -9.9999000
 1.09155E+05  3.9045186E+00  1.250E+11  1.250E+11  1.250E+11  1.250E+11  0.0000000E+00    2.0041618  -10.000  -10.000  -10.000  -10.000   -9.9999000
 1.11698E+05  3.9056865E+00  1.250E+11  1.250E+11  1.250E+11  1.250E+11  0.0000000E+00    2.0042917  -10.000  -10.000  -10.000  -10.000   -9.9999000
 1.14301E+05  3.9056442E+00  1.250E+11  1.250E+11  1.250E+11  1.250E+11  0.0000000E+00    2.0042870  -10.000  -10.000  -10.000  -10.000   -9.9999000
 1.17044E+05  3.9081187E+00  1.250E+11  1.250E+11  1.250E+11  1.250E+11  0.0000000E+00    2.0045621  -10.000  -10.000  -10.000  -10.000   -9.9999000
 1.19689E+05  3.9084330E+00  1.250E+11  1.250E+11  1.250E+11  1.250E+11  0.0000000E+00    2.0045970  -10.000  -10.000  -10.000  -10.000   -9.9999000
 1.22537E+05  3.9104643E+00  1.250E+11  1.250E+11  1.250E+11  1.250E+11  0.0000000E+00    2.0048226  -10.000  -10.000  -10.000  -10.000   -9.9999000
 1.25331E+05  3.9093621E+00  1.250E+11  1.250E+11  1.250E+11  1.250E+11  0.0000000E+00    2.0047002  -10.000  -10.000  -10.000  -10.000   -9.9999000
 1.28251E+05  3.9105134E+00  1.250E+11  1.250E+11  1.250E+11  1.250E+11  0.0000000E+00    2.0048281  -10.000  -10.000  -10.000  -10.000   -9.9999000
 1.31239E+05  3.9111729E+00  1.250E+11  1.250E+11  1.250E+11  1.250E+11  0.0000000E+00    2.0049013  -10.000  -10.000  -10.000  -10.000   -9.9999000
 1.34296E+05  3.9113780E+00  1.250E+11  1.250E+11  1.250E+11  1.250E+11  0.0000000E+00    2.0049241  -10.000  -10.000  -10.000  -10.000   -9.9999000
 1.37425E+05  3.9139090E+00  1.250E+11  1.250E+11  1.250E+11  1.250E+11  0.0000000E+00    2.0052050  -10.000  -10.000  -10.000  -10.000   -9.9999000
 1.40692E+05  3.9135037E+00  1.250E+11  1.250E+11  1.250E+11  1.250E+11  0.0000000E+00    2.0051601  -10.000  -10.000  -10.000  -10.000   -9.9999000
 1.43903E+05  3.9136140E+00  1.250E+11  1.250E+11  1.250E+11  1.250E+11  0.0000000E+00    2.0051723  -10.000  -10.000  -10.000  -10.000   -9.9999000
 1.47256E+05  3.9135019E+00  1.250E+11  1.250E+11  1.250E+11  1.250E+11  0.0000000E+00    2.0051599  -10.000  -10.000  -10.000  -10.000   -9.9999000
 1.50686E+05  3.9156778E+00  1.250E+11  1.250E+11  1.250E+11  1.250E+11  0.0000000E+00    2.0054013  -10.000  -10.000  -10.000  -10.000   -9.9999000
 1.54197E+05  3.9149831E+00  1.250E+11  1.250E+11  1.250E+11  1.250E+11  0.0000000E+00    2.0053242  -10.000  -10.000  -10.000  -10.000   -9.9999000
 1.57789E+05  3.9153203E+00  1.250E+11  1.250E+11  1.250E+11  1.250E+11  0.0000000E+00    2.0053616  -10.000  -10.000  -10.000  -10.000   -9.9999000
 1.61465E+05  3.9170015E+00  1.250E+11  1.250E+11  1.250E+11  1.250E+11  0.0000000E+00    2.0055480  -10.000  -10.000  -10.000  -10.000   -9.9999000
 1.65227E+05  3.9174172E+00  1.250E+11  1.250E+11  1.250E+11  1.250E+11  0.0000000E+00    2.0055941  -10.000  -10.000  -10.000  -10.000   -9.9999000
 1.69114E+05  3.9178165E+00  1.250E+11  1.250E+11  1.250E+11  1.250E+11  0.0000000E+00    2.0056384  -10.000  -10.000  -10.000  -10.000   -9.9999000
 1.73015E+05  3.9194599E+00  1.250E+11  1.250E+11  1.250E+11  1.250E+11  0.0000000E+00    2.0058205  -10.000  -10.000  -10.000  -10.000   -9.9999000
 1.77046E+05  3.9184067E+00  1.250E+11  1.250E+11  1.250E+11  1.250E+11  0.0000000E+00    2.0057038  -10.000  -10.000  -10.000  -10.000   -9.9999000
 1.81170E+05  3.9208475E+00  1.250E+11  1.250E+11  1.250E+11  1.250E+11  0.0000000E+00    2.0059743  -10.000  -10.000  -10.000  -10.000   -9.9999000
 1.85391E+05  3.9193269E+00  1.250E+11  1.250E+11  1.250E+11  1.250E+11  0.0000000E+00    2.0058058  -10.000  -10.000  -10.000  -10.000   -9.9999000
 1.89710E+05  3.9213126E+00  1.250E+11  1.250E+11  1.250E+11  1.250E+11  0.0000000E+00    2.0060258  -10.000  -10.000  -10.000  -10.000   -9.9999000
 1.94129E+05  3.9204343E+00  1.250E+11  1.250E+11  1.250E+11  1.250E+11  0.0000000E+00    2.0059285  -10.000  -10.000  -10.000  -10.000   -9.9999000
 1.98652E+05  3.9228682E+00  1.250E+11  1.250E+11  1.250E+11  1.250E+11  0.0000000E+00    2.0061980  -10.000  -10.000  -10.000  -10.000   -9.9999000
 2.03280E+05  3.9236365E+00  1.250E+11  1.250E+11  1.250E+11  1.250E+11  0.0000000E+00    2.0062831  -10.000  -10.000  -10.000  -10.000   -9.9999000
 2.08015E+05  3.9247877E+00  1.250E+11  1.250E+11  1.250E+11  1.250E+11  0.0000000E+00    2.0064105  -10.000  -10.000  -10.000  -10.000   -9.9999000
 2.12861E+05  3.9256425E+00  1.250E+11  1.250E+11  1.250E+11  1.250E+11  0.0000000E+00    2.0065051  -10.000  -10.000  -10.000  -10.000   -9.9999000
 2.17828E+05  3.9270215E+00  1.250E+11  1.250E+11  1.250E+11  1.250E+11  0.0000000E+00    2.0066576  -10.000  -10.000  -10.000  -10.000   -9.9999000
 2.22965E+05  3.9255088E+00  1.250E+11  1.250E+11  1.250E+11  1.250E+11  0.0000000E+00    2.0064903  -10.000  -10.000  -10.000  -10.000   -9.9999000
 2.28136E+05  3.9272329E+00  1.250E+11  1.250E+11  1.250E+11  1.250E+11  0.0000000E+00    2.0066810  -10.000  -10.000  -10.000  -10.000   -9.9999000
 2.33401E+05  3.9267237E+00  1.250E+11  1.250E+11  1.250E+11  1.250E+11  0.0000000E+00    2.0066246  -10.000  -10.000  -10.000  -10.000   -9.9999000
 2.38837E+05  3.9302816E+00  1.250E+11  1.250E+11  1.250E+11  1.250E+11  0.0000000E+00    2.0070180  -10.000  -10.000  -10.000  -10.000   -9.9999000
 2.44401E+05  3.9293245E+00  1.250E+11  1.250E+11  1.250E+11  1.250E+11  0.0000000E+00    2.0069122  -10.000  -10.000  -10.000  -10.000   -9.9999000
 2.50095E+05  3.9300484E+00  1.250E+11  1.250E+11  1.250E+11  1.250E+11  0.0000000E+00    2.0069922  -10.000  -10.000  -10.000  -10.000   -9.9999000
 2.55921E+05  3.9305541E+00  1.250E+11  1.250E+11  1.250E+11  1.250E+11  0.0000000E+00    2.0070481  -10.000  -10.000  -10.000  -10.000   -9.9999000
 2.61883E+05  3.9327307E+00  1.250E+11  1.250E+11  1.250E+11  1.250E+11  0.0000000E+00    2.0072885  -10.000  -10.000  -10.000  -10.000   -9.9999000
 2.68006E+05  3.9324625E+00  1.250E+11  1.250E+11  1.250E+11  1.250E+11  0.0000000E+00    2.0072589  -10.000  -10.000  -10.000  -10.000   -9.9999000
 2.74292E+05  3.9340102E+00  1.250E+11  1.250E+11  1.250E+11  1.250E+11  0.0000000E+00    2.0074298  -10.000  -10.000  -10.000  -10.000   -9.9999000
 2.80614E+05  3.9326942E+00  1.250E+11  1.250E+11  1.250E+11  1.250E+11  0.0000000E+00    2.0072845  -10.000  -10.000  -10.000  -10.000   -9.9999000
 2.87191E+05  3.9361530E+00  1.250E+11  1.250E+11  1.250E+11  1.250E+11  0.0000000E+00    2.0076663  -10.000  -10.000  -10.000  -10.000   -9.9999000
 2.93840E+05  3.9342512E+00  1.250E+11  1.250E+11  1.250E+11  1.250E+11  0.0000000E+00    2.0074564  -10.000  -10.000  -10.000  -10.000   -9.9999000
 3.00685E+05  3.9364625E+00  1.250E+11  1.250E+11  1.250E+11  1.250E+11  0.0000000E+00    2.0077004  -10.000  -10.000  -10.000  -10.000   -9.9999000
 3.07690E+05  3.9378100E+00  1.250E+11  1.250E+11  1.250E+11  1.250E+11  0.0000000E+00    2.0078491  -10.000  -10.000  -10.000  -10.000   -9.9999000
 3.14858E+05  3.9358304E+00  1.250E+11  1.250E+11  1.250E+11  1.250E+11  0.0000000E+00    2.0076307  -10.000  -10.000  -10.000  -10.000   -9.9999000
 3.22192E+05  3.9361016E+00  1.250E+11  1.250E+11  1.250E+11  1.250E+11  0.0000000E+00    2.0076606  -10.000  -10.000  -10.000  -10.000   -9.9999000
 3.29698E+05  3.9401170E+00  1.250E+11  1.250E+11  1.250E+11  1.250E+11  0.0000000E+00    2.0081034  -10.000  -10.000  -10.000  -10.000   -9.9999000
 3.37378E+05  3.9411384E+00  1.250E+11  1.250E+11  1.250E+11  1.250E+11  0.0000000E+00    2.0082160  -10.000  -10.000  -10.000  -10.000   -9.9999000
 3.45237E+05  3.9395507E+00  1.250E+11  1.250E+11  1.250E+11  1.250E+11  0.0000000E+00    2.0080410  -10.000  -10.000  -10.000  -10.000   -9.9999000
 3.53279E+05  3.9422876E+00  1.250E+11  1.250E+11  1.250E+11  1.250E+11  0.0000000E+00    2.0083426  -10.000  -10.000  -10.000  -10.000   -9.9999000
 3.61509E+05  3.9416963E+00  1.250E+11  1.250E+11  1.250E+11  1.250E+11  0.0000000E+00    2.0082775  -10.000  -10.000  -10.000  -10.000   -9.9999000
 3.69930E+05  3.9433878E+00  1.250E+11  1.250E+11  1.250E+11  1.250E+11  0.0000000E+00    2.0084638  -10.000  -10.000  -10.000  -10.000   -9.9999000
 3.78625E+05  3.9431402E+00  1.250E+11  1.250E+11  1.250E+11  1.250E+11  0.0000000E+00    2.0084365  -10.000  -10.000  -10.000  -10.000   -9.9999000
 3.87434E+05  3.9450948E+00  1.250E+11  1.250E+11  1.250E+11  1.250E+11  0.0000000E+00    2.0086518  -10.000  -10.000  -10.000  -10.000   -9.9999000
 3.96389E+05  3.9449142E+00  1.250E+11  1.250E+11  1.250E+11  1.250E+11  0.0000000E+00    2.0086319  -10.000  -10.000  -10.000  -10.000   -9.9999000
 4.05623E+05  3.9472312E+00  1.250E+11  1.250E+11  1.250E+11  1.250E+11  0.0000000E+00    2.0088869  -10.000  -10.000  -10.000  -10.000   -9.9999000
 4.15095E+05  3.9467621E+00  1.250E+11  1.250E+11  1.250E+11  1.250E+11  0.0000000E+00    2.0088352  -10.000  -10.000  -10.000  -10.000   -9.9999000
 4.24741E+05  3.9481653E+00  1.250E+11  1.250E+11  1.250E+11  1.250E+11  0.0000000E+00    2.0089896  -10.000  -10.000  -10.000  -10.000   -9.9999000
 4.34635E+05  3.9487885E+00  1.250E+11  1.250E+11  1.250E+11  1.250E+11  0.0000000E+00    2.0090582  -10.000  -10.000  -10.000  -10.000   -9.9999000
 4.44759E+05  3.9493373E+00  1.250E+11  1.250E+11  1.250E+11  1.250E+11  0.0000000E+00    2.0091185  -10.000  -10.000  -10.000  -10.000   -9.9999000
 4.55120E+05  3.9491268E+00  1.250E+11  1.250E+11  1.250E+11  1.250E+11  0.0000000E+00    2.0090954  -10.000  -10.000  -10.000  -10.000   -9.9999000
 4.65721E+05  3.9519315E+00  1.250E+11  1.250E+11  1.250E+11  1.250E+11  0.0000000E+00    2.0094037  -10.000  -10.000  -10.000  -10.000   -9.9999000
 4.76634E+05  3.9514309E+00  1.250E+11  1.250E+11  1.250E+11  1.250E+11  0.0000000E+00    2.0093487  -10.000  -10.000  -10.000  -10.000   -9.9999000
 4.87685E+05  3.9534616E+00  1.250E+11  1.250E+11  1.250E+11  1.250E+11  0.0000000E+00    2.0095718  -10.000  -10.000  -10.000  -10.000   -9.9999000
 4.99054E+05  3.9531094E+00  1.250E+11  1.250E+11  1.250E+11  1.250E+11  0.0000000E+00    2.0095331  -10.000  -10.000  -10.000  -10.000   -9.9999000
 5.10656E+05  3.9546770E+00  1.250E+11  1.250E+11  1.250E+11  1.250E+11  0.0000000E+00    2.0097053  -10.000  -10.000  -10.000  -10.000   -9.9999000
 5.22551E+05  3.9537667E+00  1.250E+11  1.250E+11  1.250E+11  1.250E+11  0.0000000E+00    2.0096053  -10.000  -10.000  -10.000  -10.000   -9.9999000
 5.34724E+05  3.9565393E+00  1.250E+11  1.250E+11  1.250E+11  1.250E+11  0.0000000E+00    2.0099098  -10.000  -10.000  -10.000  -10.000   -9.9999000
 5.47180E+05  3.9556299E+00  1.250E+11  1.250E+11  1.250E+11  1.250E+11  0.0000000E+00    2.0098100  -10.000  -10.000  -10.000  -10.000   -9.9999000
 5.59974E+05  3.9585180E+00  1.250E+11  1.250E+11  1.250E+11  1.250E+11  0.0000000E+00    2.0101269  -10.000  -10.000  -10.000  -10.000   -9.9999000
 5.72969E+05  3.9573140E+00  1.250E+11  1.250E+11  1.250E+11  1.250E+11  0.0000000E+00    2.0099948  -10.000  -10.000  -10.000  -10.000   -9.9999000
 5.86316E+05  3.9596578E+00  1.250E+11  1.250E+11  1.250E+11  1.250E+11  0.0000000E+00    2.0102520  -10.000  -10.000  -10.000  -10.000   -9.9999000
 5.99973E+05  3.9597667E+00  1.250E+11  1.250E+11  1.250E+11  1.250E+11  0.0000000E+00    2.0102639  -10.000  -10.000  -10.000  -10.000   -9.9999000
 6.13949E+05  3.9622940E+00  1.250E+11  1.250E+11  1.250E+11  1.250E+11  0.0000000E+00    2.0105410  -10.000  -10.000  -10.000  -10.000   -9.9999000
 6.28250E+05  3.9604783E+00  1.250E+11  1.250E+11  1.250E+11  1.250E+11  0.0000000E+00    2.0103419  -10.000  -10.000  -10.000  -10.000   -9.9999000
 6.42885E+05  3.9635023E+00  1.250E+11  1.250E+11  1.250E+11  1.250E+11  0.0000000E+00    2.0106734  -10.000  -10.000  -10.000  -10.000   -9.9999000
 6.57921E+05  3.9636201E+00  1.250E+11  1.250E+11  1.250E+11  1.250E+11  0.0000000E+00    2.0106863  -10.000  -10.000  -10.000  -10.000   -9.9999000
 6.73184E+05  3.9648421E+00  1.250E+11  1.250E+11  1.250E+11  1.250E+11  0.0000000E+00    2.0108202  -10.000  -10.000  -10.000  -10.000   -9.9999000
 6.88865E+05  3.9657606E+00  1.250E+11  1.250E+11  1.250E+11  1.250E+11  0.0000000E+00    2.0109208  -10.000  -10.000  -10.000  -10.000   -9.9999000
 7.04912E+05  3.9641994E+00  1.250E+11  1.250E+11  1.250E+11  1.250E+11  0.0000000E+00    2.0107498  -10.000  -10.000  -10.000  -10.000   -9.9999000
 7.21332E+05  3.9675168E+00  1.250E+11  1.250E+11  1.250E+11  1.250E+11  0.0000000E+00    2.0111131  -10.000  -10.000  -10.000  -10.000   -9.9999000
 7.38134E+05  3.9662555E+00  1.250E+11  1.250E+11  1.250E+11  1.250E+11  0.0000000E+00    2.0109750  -10.000  -10.000  -10.000  -10.000   -9.9999000
 7.55328E+05  3.9698908E+00  1.250E+11  1.250E+11  1.250E+11  1.250E+11  0.0000000E+00    2.0113729  -10.000  -10.000  -10.000  -10.000   -9.9999000
 7.72923E+05  3.9684453E+00  1.250E+11  1.250E+11  1.250E+11  1.250E+11  0.0000000E+00    2.0112147  -10.000  -10.000  -10.000  -10.000   -9.9999000
 7.90979E+05  3.9695098E+00  1.250E+11  1.250E+11  1.250E+11  1.250E+11  0.0000000E+00    2.0113312  -10.000  -10.000  -10.000  -10.000   -9.9999000
 8.09373E+05  3.9701170E+00  1.250E+11  1.250E+11  1.250E+11  1.250E+11  0.0000000E+00    2.0113976  -10.000  -10.000  -10.000  -10.000   -9.9999000
 8.28204E+05  3.9722771E+00  1.250E+11  1.250E+11  1.250E+11  1.250E+11  0.0000000E+00    2.0116338  -10.000  -10.000  -10.000  -10.000   -9.9999000
 8.47496E+05  3.9723191E+00  1.250E+11  1.250E+11  1.250E+11  1.250E+11  0.0000000E+00    2.0116384  -10.000  -10.000  -10.000  -10.000   -9.9999000
 8.67278E+05  3.9738902E+00  1.250E+11  1.250E+11  1.250E+11  1.250E+11  0.0000000E+00    2.0118102  -10.000  -10.000  -10.000  -10.000   -9.9999000
 8.87496E+05  3.9738735E+00  1.250E+11  1.250E+11  1.250E+11  1.250E+11  0.0000000E+00    2.0118083  -10.000  -10.000  -10.000  -10.000   -9.9999000
 9.08121E+05  3.9751013E+00  1.250E+11  1.250E+11  1.250E+11  1.250E+11  0.0000000E+00    2.0119425  -10.000  -10.000  -10.000  -10.000   -9.9999000
 9.29263E+05  3.9752418E+00  1.250E+11  1.250E+11  1.250E+11  1.250E+11  0.0000000E+00    2.0119579  -10.000  -10.000  -10.000  -10.000   -9.9999000
 9.50909E+05  3.9776333E+00  1.250E+11  1.250E+11  1.250E+11  1.250E+11  0.0000000E+00    2.0122190  -10.000  -10.000  -10.000  -10.000   -9.9999000
 9.73059E+05  3.9787958E+00  1.250E+11  1.250E+11  1.250E+11  1.250E+11  0.0000000E+00    2.0123460  -10.000  -10.000  -10.000  -10.000   -9.9999000
 9.95799E+05  3.9799982E+00  1.250E+11  1.250E+11  1.250E+11  1.250E+11  0.0000000E+00    2.0124772  -10.000  -10.000  -10.000  -10.000   -9.9999000
 1.01892E+06  3.9803016E+00  1.250E+11  1.250E+11  1.250E+11  1.250E+11  0.0000000E+00    2.0125103  -10.000  -10.000  -10.000  -10.000   -9.9999000
 1.04265E+06  3.9803907E+00  1.250E+11  1.250E+11  1.250E+11  1.250E+11  0.0000000E+00    2.0125200  -10.000  -10.000  -10.000  -10.000   -9.9999000
 1.06698E+06  3.9822314E+00  1.250E+11  1.250E+11  1.250E+11  1.250E+11  0.0000000E+00    2.0127208  -10.000  -10.000  -10.000  -10.000   -9.9999000
 1.09181E+06  3.9837672E+00  1.250E+11  1.250E+11  1.250E+11  1.250E+11  0.0000000E+00    2.0128883  -10.000  -10.000  -10.000  -10.000   -9.9999000
 1.11723E+06  3.9829600E+00  1.250E+11  1.250E+11  1.250E+11  1.250E+11  0.0000000E+00    2.0128003  -10.000  -10.000  -10.000  -10.000   -9.9999000
 1.14325E+06  3.9849469E+00  1.250E+11  1.250E+11  1.250E+11  1.250E+11  0.0000000E+00    2.0130168  -10.000  -10.000  -10.000  -10.000   -9.9999000
 1.16988E+06  3.9878068E+00  1.250E+11  1.250E+11  1.250E+11  1.250E+11  0.0000000E+00    2.0133284  -10.000  -10.000  -10.000  -10.000   -9.9999000
 1.19713E+06  3.9883033E+00  1.250E+11  1.250E+11  1.250E+11  1.250E+11  0.0000000E+00    2.0133825  -10.000  -10.000  -10.000  -10.000   -9.9999000
 1.22502E+06  3.9888436E+00  1.250E+11  1.250E+11  1.250E+11  1.250E+11  0.0000000E+00    2.0134413  -10.000  -10.000  -10.000  -10.000   -9.9999000
 1.25359E+06  3.9875686E+00  1.250E+11  1.250E+11  1.250E+11  1.250E+11  0.0000000E+00    2.0133025  -10.000  -10.000  -10.000  -10.000   -9.9999000
 1.28275E+06  3.9904373E+00  1.250E+11  1.250E+11  1.250E+11  1.250E+11  0.0000000E+00    2.0136148  -10.000  -10.000  -10.000  -10.000   -9.9999000
 1.31263E+06  3.9888803E+00  1.250E+11  1.250E+11  1.250E+11  1.250E+11  0.0000000E+00    2.0134453  -10.000  -10.000  -10.000  -10.000   -9.9999000
 1.34321E+06  3.9920371E+00  1.250E+11  1.250E+11  1.250E+11  1.250E+11  0.0000000E+00    2.0137889  -10.000  -10.000  -10.000  -10.000   -9.9999000
 1.37449E+06  3.9918170E+00  1.250E+11  1.250E+11  1.250E+11  1.250E+11  0.0000000E+00    2.0137649  -10.000  -10.000  -10.000  -10.000   -9.9999000
 1.40651E+06  3.9933884E+00  1.250E+11  1.250E+11  1.250E+11  1.250E+11  0.0000000E+00    2.0139359  -10.000  -10.000  -10.000  -10.000   -9.9999000
 1.43927E+06  3.9963700E+00  1.250E+11  1.250E+11  1.250E+11  1.250E+11  0.0000000E+00    2.0142600  -10.000  -10.000  -10.000  -10.000   -9.9999000
 1.47280E+06  3.9965584E+00  1.250E+11  1.250E+11  1.250E+11  1.250E+11  0.0000000E+00    2.0142805  -10.000  -10.000  -10.000  -10.000   -9.9999000
 1.50711E+06  3.9975366E+00  1.250E+11  1.250E+11  1.250E+11  1.250E+11  0.0000000E+00    2.0143868  -10.000  -10.000  -10.000  -10.000   -9.9999000
 1.54221E+06  3.9993097E+00  1.250E+11  1.250E+11  1.250E+11  1.250E+11  0.0000000E+00    2.0145793  -10.000  -10.000  -10.000  -10.000   -9.9999000
 1.57813E+06  3.9985252E+00  1.250E+11  1.250E+11  1.250E+11  1.250E+11  0.0000000E+00    2.0144941  -10.000  -10.000  -10.000  -10.000   -9.9999000
 1.61490E+06  3.9998161E+00  1.250E+11  1.250E+11  1.250E+11  1.250E+11  0.0000000E+00    2.0146343  -10.000  -10.000  -10.000  -10.000   -9.9999000
 1.65253E+06  4.0003017E+00  1.250E+11  1.250E+11  1.250E+11  1.250E+11  0.0000000E+00    2.0146871  -10.000  -10.000  -10.000  -10.000   -9.9999000
 1.69100E+06  4.0028751E+00  1.250E+11  1.250E+11  1.250E+11  1.250E+11  0.0000000E+00    2.0149663  -10.000  -10.000  -10.000  -10.000   -9.9999000
 1.73039E+06  4.0029132E+00  1.250E+11  1.250E+11  1.250E+11  1.250E+11  0.0000000E+00    2.0149705  -10.000  -10.000  -10.000  -10.000   -9.9999000
 1.77071E+06  4.0051869E+00  1.250E+11  1.250E+11  1.250E+11  1.250E+11  0.0000000E+00    2.0152171  -10.000  -10.000  -10.000  -10.000   -9.9999000
 1.81194E+06  4.0044120E+00  1.250E+11  1.250E+11  1.250E+11  1.250E+11  0.0000000E+00    2.0151331  -10.000  -10.000  -10.000  -10.000   -9.9999000
 1.85422E+06  4.0075831E+00  1.250E+11  1.250E+11  1.250E+11  1.250E+11  0.0000000E+00    2.0154768  -10.000  -10.000  -10.000  -10.000   -9.9999000
 1.89734E+06  4.0078526E+00  1.250E+11  1.250E+11  1.250E+11  1.250E+11  0.0000000E+00    2.0155061  -10.000  -10.000  -10.000  -10.000   -9.9999000
 1.94158E+06  4.0091828E+00  1.250E+11  1.250E+11  1.250E+11  1.250E+11  0.0000000E+00    2.0156502  -10.000  -10.000  -10.000  -10.000   -9.9999000
 1.98676E+06  4.0085870E+00  1.250E+11  1.250E+11  1.250E+11  1.250E+11  0.0000000E+00    2.0155856  -10.000  -10.000  -10.000  -10.000   -9.9999000
 2.03304E+06  4.0110170E+00  1.250E+11  1.250E+11  1.250E+11  1.250E+11  0.0000000E+00    2.0158488  -10.000  -10.000  -10.000  -10.000   -9.9999000
 2.08039E+06  4.0130280E+00  1.250E+11  1.250E+11  1.250E+11  1.250E+11  0.0000000E+00    2.0160665  -10.000  -10.000  -10.000  -10.000   -9.9999000
 2.12885E+06  4.0124083E+00  1.250E+11  1.250E+11  1.250E+11  1.250E+11  0.0000000E+00    2.0159994  -10.000  -10.000  -10.000  -10.000   -9.9999000
 2.17844E+06  4.0166562E+00  1.250E+11  1.250E+11  1.250E+11  1.250E+11  0.0000000E+00    2.0164590  -10.000  -10.000  -10.000  -10.000   -9.9999000
 2.22918E+06  4.0151497E+00  1.250E+11  1.250E+11  1.250E+11  1.250E+11  0.0000000E+00    2.0162960  -10.000  -10.000  -10.000  -10.000   -9.9999000
 2.28117E+06  4.0178027E+00  1.250E+11  1.250E+11  1.250E+11  1.250E+11  0.0000000E+00    2.0165829  -10.000  -10.000  -10.000  -10.000   -9.9999000
 2.33424E+06  4.0158511E+00  1.250E+11  1.250E+11  1.250E+11  1.250E+11  0.0000000E+00    2.0163719  -10.000  -10.000  -10.000  -10.000   -9.9999000
 2.38862E+06  4.0202937E+00  1.250E+11  1.250E+11  1.250E+11  1.250E+11  0.0000000E+00    2.0168521  -10.000  -10.000  -10.000  -10.000   -9.9999000
 2.44426E+06  4.0210918E+00  1.250E+11  1.250E+11  1.250E+11  1.250E+11  0.0000000E+00    2.0169383  -10.000  -10.000  -10.000  -10.000   -9.9999000
 2.50119E+06  4.0217117E+00  1.250E+11  1.250E+11  1.250E+11  1.250E+11  0.0000000E+00    2.0170052  -10.000  -10.000  -10.000  -10.000   -9.9999000
 2.55945E+06  4.0222575E+00  1.250E+11  1.250E+11  1.250E+11  1.250E+11  0.0000000E+00    2.0170642  -10.000  -10.000  -10.000  -10.000   -9.9999000
 2.61907E+06  4.0238469E+00  1.250E+11  1.250E+11  1.250E+11  1.250E+11  0.0000000E+00    2.0172358  -10.000  -10.000  -10.000  -10.000   -9.9999000
 2.68007E+06  4.0233232E+00  1.250E+11  1.250E+11  1.250E+11  1.250E+11  0.0000000E+00    2.0171792  -10.000  -10.000  -10.000  -10.000   -9.9999000
 2.74250E+06  4.0268118E+00  1.250E+11  1.250E+11  1.250E+11  1.250E+11  0.0000000E+00    2.0175556  -10.000  -10.000  -10.000  -10.000   -9.9999000
 2.80638E+06  4.0264932E+00  1.250E+11  1.250E+11  1.250E+11  1.250E+11  0.0000000E+00    2.0175213  -10.000  -10.000  -10.000  -10.000   -9.9999000
 2.87175E+06  4.0297928E+00  1.250E+11  1.250E+11  1.250E+11  1.250E+11  0.0000000E+00    2.0178770  -10.000  -10.000  -10.000  -10.000   -9.9999000
 2.93865E+06  4.0292407E+00  1.250E+11  1.250E+11  1.250E+11  1.250E+11  0.0000000E+00    2.0178175  -10.000  -10.000  -10.000  -10.000   -9.9999000
 3.00717E+06  4.0318741E+00  1.250E+11  1.250E+11  1.250E+11  1.250E+11  0.0000000E+00    2.0181013  -10.000  -10.000  -10.000  -10.000   -9.9999000
 3.07714E+06  4.0317235E+00  1.250E+11  1.250E+11  1.250E+11  1.250E+11  0.0000000E+00    2.0180850  -10.000  -10.000  -10.000  -10.000   -9.9999000
 3.14882E+06  4.0350760E+00  1.250E+11  1.250E+11  1.250E+11  1.250E+11  0.0000000E+00    2.0184460  -10.000  -10.000  -10.000  -10.000   -9.9999000
 3.22216E+06  4.0359696E+00  1.250E+11  1.250E+11  1.250E+11  1.250E+11  0.0000000E+00    2.0185422  -10.000  -10.000  -10.000  -10.000   -9.9999000
 3.29722E+06  4.0379336E+00  1.250E+11  1.250E+11  1.250E+11  1.250E+11  0.0000000E+00    2.0187535  -10.000  -10.000  -10.000  -10.000   -9.9999000
 3.37402E+06  4.0366410E+00  1.250E+11  1.250E+11  1.250E+11  1.250E+11  0.0000000E+00    2.0186144  -10.000  -10.000  -10.000  -10.000   -9.9999000
 3.45267E+06  4.0397579E+00  1.250E+11  1.250E+11  1.250E+11  1.250E+11  0.0000000E+00    2.0189496  -10.000  -10.000  -10.000  -10.000   -9.9999000
 3.53304E+06  4.0387615E+00  1.250E+11  1.250E+11  1.250E+11  1.250E+11  0.0000000E+00    2.0188425  -10.000  -10.000  -10.000  -10.000   -9.9999000
 3.61540E+06  4.0415477E+00  1.250E+11  1.250E+11  1.250E+11  1.250E+11  0.0000000E+00    2.0191420  -10.000  -10.000  -10.000  -10.000   -9.9999000
 3.69960E+06  4.0430561E+00  1.250E+11  1.250E+11  1.250E+11  1.250E+11  0.0000000E+00    2.0193041  -10.000  -10.000  -10.000  -10.000   -9.9999000
 3.78572E+06  4.0448205E+00  1.250E+11  1.250E+11  1.250E+11  1.250E+11  0.0000000E+00    2.0194936  -10.000  -10.000  -10.000  -10.000   -9.9999000
 3.87390E+06  4.0455462E+00  1.250E+11  1.250E+11  1.250E+11  1.250E+11  0.0000000E+00    2.0195715  -10.000  -10.000  -10.000  -10.000   -9.9999000
 3.96413E+06  4.0486529E+00  1.250E+11  1.250E+11  1.250E+11  1.250E+11  0.0000000E+00    2.0199049  -10.000  -10.000  -10.000  -10.000   -9.9999000
 4.05647E+06  4.0481632E+00  1.250E+11  1.250E+11  1.250E+11  1.250E+11  0.0000000E+00    2.0198523  -10.000  -10.000  -10.000  -10.000   -9.9999000
 4.15096E+06  4.0508029E+00  1.250E+11  1.250E+11  1.250E+11  1.250E+11  0.0000000E+00    2.0201354  -10.000  -10.000  -10.000  -10.000   -9.9999000
 4.24765E+06  4.0525432E+00  1.250E+11  1.250E+11  1.250E+11  1.250E+11  0.0000000E+00    2.0203220  -10.000  -10.000  -10.000  -10.000   -9.9999000
 4.34659E+06  4.0519733E+00  1.250E+11  1.250E+11  1.250E+11  1.250E+11  0.0000000E+00    2.0202609  -10.000  -10.000  -10.000  -10.000   -9.9999000
 4.44783E+06  4.0550863E+00  1.250E+11  1.250E+11  1.250E+11  1.250E+11  0.0000000E+00    2.0205944  -10.000  -10.000  -10.000  -10.000   -9.9999000
 4.55144E+06  4.0561925E+00  1.250E+11  1.250E+11  1.250E+11  1.250E+11  0.0000000E+00    2.0207129  -10.000  -10.000  -10.000  -10.000   -9.9999000
 4.65746E+06  4.0583762E+00  1.250E+11  1.250E+11  1.250E+11  1.250E+11  0.0000000E+00    2.0209466  -10.000  -10.000  -10.000  -10.000   -9.9999000
 4.76594E+06  4.0590798E+00  1.250E+11  1.250E+11  1.250E+11  1.250E+11  0.0000000E+00    2.0210219  -10.000  -10.000  -10.000  -10.000   -9.9999000
 4.87696E+06  4.0614790E+00  1.250E+11  1.250E+11  1.250E+11  1.250E+11  0.0000000E+00    2.0212785  -10.000  -10.000  -10.000  -10.000   -9.9999000
 4.99056E+06  4.0630687E+00  1.250E+11  1.250E+11  1.250E+11  1.250E+11  0.0000000E+00    2.0214485  -10.000  -10.000  -10.000  -10.000   -9.9999000
 5.10680E+06  4.0650132E+00  1.250E+11  1.250E+11  1.250E+11  1.250E+11  0.0000000E+00    2.0216563  -10.000  -10.000  -10.000  -10.000   -9.9999000
 5.22575E+06  4.0659959E+00  1.250E+11  1.250E+11  1.250E+11  1.250E+11  0.0000000E+00    2.0217612  -10.000  -10.000  -10.000  -10.000   -9.9999000
 5.34748E+06  4.0686397E+00  1.250E+11  1.250E+11  1.250E+11  1.250E+11  0.0000000E+00    2.0220435  -10.000  -10.000  -10.000  -10.000   -9.9999000
 5.47204E+06  4.0675529E+00  1.250E+11  1.250E+11  1.250E+11  1.250E+11  0.0000000E+00    2.0219275  -10.000  -10.000  -10.000  -10.000   -9.9999000
 5.59957E+06  4.0713485E+00  1.250E+11  1.250E+11  1.250E+11  1.250E+11  0.0000000E+00    2.0223326  -10.000  -10.000  -10.000  -10.000   -9.9999000
 5.72993E+06  4.0699827E+00  1.250E+11  1.250E+11  1.250E+11  1.250E+11  0.0000000E+00    2.0221869  -10.000  -10.000  -10.000  -10.000   -9.9999000
 5.86340E+06  4.0741598E+00  1.250E+11  1.250E+11  1.250E+11  1.250E+11  0.0000000E+00    2.0226324  -10.000  -10.000  -10.000  -10.000   -9.9999000
 5.92447E+06  4.0762755E+00  1.250E+11  1.250E+11  1.250E+11  1.250E+11  0.0000000E+00    2.0228578  -10.000  -10.000  -10.000  -10.000   -9.9999000
 5.99997E+06  4.0775878E+00  1.250E+11  1.250E+11  1.250E+11  1.250E+11  0.0000000E+00    2.0229976  -10.000  -10.000  -10.000  -10.000   -9.9999000
 6.13973E+06  4.0803907E+00  1.250E+11  1.250E+11  1.250E+11  1.250E+11  0.0000000E+00    2.0232961  -10.000  -10.000  -10.000  -10.000   -9.9999000
 6.28274E+06  4.0813881E+00  1.250E+11  1.250E+11  1.250E+11  1.250E+11  0.0000000E+00    2.0234022  -10.000  -10.000  -10.000  -10.000   -9.9999000
 6.42909E+06  4.0840988E+00  1.250E+11  1.250E+11  1.250E+11  1.250E+11  0.0000000E+00    2.0236905  -10.000  -10.000  -10.000  -10.000   -9.9999000
 6.57884E+06  4.0837244E+00  1.250E+11  1.250E+11  1.250E+11  1.250E+11  0.0000000E+00    2.0236507  -10.000  -10.000  -10.000  -10.000   -9.9999000
 6.73208E+06  4.0898165E+00  1.250E+11  1.250E+11  1.250E+11  1.250E+11  0.0000000E+00    2.0242981  -10.000  -10.000  -10.000  -10.000   -9.9999000
 6.88891E+06  4.0901235E+00  1.250E+11  1.250E+11  1.250E+11  1.250E+11  0.0000000E+00    2.0243307  -10.000  -10.000  -10.000  -10.000   -9.9999000
 7.04936E+06  4.0901006E+00  1.250E+11  1.250E+11  1.250E+11  1.250E+11  0.0000000E+00    2.0243283  -10.000  -10.000  -10.000  -10.000   -9.9999000
 7.21357E+06  4.0920056E+00  1.250E+11  1.250E+11  1.250E+11  1.250E+11  0.0000000E+00    2.0245305  -10.000  -10.000  -10.000  -10.000   -9.9999000
 7.38159E+06  4.0963150E+00  1.250E+11  1.250E+11  1.250E+11  1.250E+11  0.0000000E+00    2.0249876  -10.000  -10.000  -10.000  -10.000   -9.9999000
 7.55353E+06  4.0943899E+00  1.250E+11  1.250E+11  1.250E+11  1.250E+11  0.0000000E+00    2.0247835  -10.000  -10.000  -10.000  -10.000   -9.9999000
 7.72947E+06  4.0974819E+00  1.250E+11  1.250E+11  1.250E+11  1.250E+11  0.0000000E+00    2.0251113  -10.000  -10.000  -10.000  -10.000   -9.9999000
 7.90951E+06  4.0986045E+00  1.250E+11  1.250E+11  1.250E+11  1.250E+11  0.0000000E+00    2.0252303  -10.000  -10.000  -10.000  -10.000   -9.9999000
 8.09375E+06  4.1017220E+00  1.250E+11  1.250E+11  1.250E+11  1.250E+11  0.0000000E+00    2.0255605  -10.000  -10.000  -10.000  -10.000   -9.9999000
 8.28228E+06  4.1014872E+00  1.250E+11  1.250E+11  1.250E+11  1.250E+11  0.0000000E+00    2.0255357  -10.000  -10.000  -10.000  -10.000   -9.9999000
 8.47520E+06  4.1068873E+00  1.250E+11  1.250E+11  1.250E+11  1.250E+11  0.0000000E+00    2.0261071  -10.000  -10.000  -10.000  -10.000   -9.9999000
 8.67262E+06  4.1062919E+00  1.250E+11  1.250E+11  1.250E+11  1.250E+11  0.0000000E+00    2.0260441  -10.000  -10.000  -10.000  -10.000   -9.9999000
 8.87462E+06  4.1095902E+00  1.250E+11  1.250E+11  1.250E+11  1.250E+11  0.0000000E+00    2.0263928  -10.000  -10.000  -10.000  -10.000   -9.9999000
 9.08134E+06  4.1100256E+00  1.250E+11  1.250E+11  1.250E+11  1.250E+11  0.0000000E+00    2.0264388  -10.000  -10.000  -10.000  -10.000   -9.9999000
 9.29287E+06  4.1144363E+00  1.250E+11  1.250E+11  1.250E+11  1.250E+11  0.0000000E+00    2.0269046  -10.000  -10.000  -10.000  -10.000   -9.9999000
 9.50933E+06  4.1134013E+00  1.250E+11  1.250E+11  1.250E+11  1.250E+11  0.0000000E+00    2.0267954  -10.000  -10.000  -10.000  -10.000   -9.9999000
 9.73083E+06  4.1170131E+00  1.250E+11  1.250E+11  1.250E+11  1.250E+11  0.0000000E+00    2.0271766  -10.000  -10.000  -10.000  -10.000   -9.9999000
 9.95749E+06  4.1178727E+00  1.250E+11  1.250E+11  1.250E+11  1.250E+11  0.0000000E+00    2.0272672  -10.000  -10.000  -10.000  -10.000   -9.9999000
 1.01894E+07  4.1212834E+00  1.250E+11  1.250E+11  1.250E+11  1.250E+11  0.0000000E+00    2.0276268  -10.000  -10.000  -10.000  -10.000   -9.9999000
 1.04268E+07  4.1213279E+00  1.250E+11  1.250E+11  1.250E+11  1.250E+11  0.0000000E+00    2.0276315  -10.000  -10.000  -10.000  -10.000   -9.9999000
 1.06697E+07  4.1251018E+00  1.250E+11  1.250E+11  1.250E+11  1.250E+11  0.0000000E+00    2.0280290  -10.000  -10.000  -10.000  -10.000   -9.9999000
 1.09182E+07  4.1261110E+00  1.250E+11  1.250E+11  1.250E+11  1.250E+11  0.0000000E+00    2.0281352  -10.000  -10.000  -10.000  -10.000   -9.9999000
 1.11725E+07  4.1291052E+00  1.250E+11  1.250E+11  1.250E+11  1.250E+11  0.0000000E+00    2.0284503  -10.000  -10.000  -10.000  -10.000   -9.9999000
 1.14327E+07  4.1302341E+00  1.250E+11  1.250E+11  1.250E+11  1.250E+11  0.0000000E+00    2.0285690  -10.000  -10.000  -10.000  -10.000   -9.9999000
 1.16990E+07  4.1327495E+00  1.250E+11  1.250E+11  1.250E+11  1.250E+11  0.0000000E+00    2.0288334  -10.000  -10.000  -10.000  -10.000   -9.9999000
 1.19715E+07  4.1342268E+00  1.250E+11  1.250E+11  1.250E+11  1.250E+11  0.0000000E+00    2.0289886  -10.000  -10.000  -10.000  -10.000   -9.9999000
 1.22504E+07  4.1362119E+00  1.250E+11  1.250E+11  1.250E+11  1.250E+11  0.0000000E+00    2.0291971  -10.000  -10.000  -10.000  -10.000   -9.9999000
 1.25358E+07  4.1386132E+00  1.250E+11  1.250E+11  1.250E+11  1.250E+11  0.0000000E+00    2.0294491  -10.000  -10.000  -10.000  -10.000   -9.9999000
 1.28278E+07  4.1442036E+00  1.250E+11  1.250E+11  1.250E+11  1.250E+11  0.0000000E+00    2.0300354  -10.000  -10.000  -10.000  -10.000   -9.9999000
 1.31265E+07  4.1444536E+00  1.250E+11  1.250E+11  1.250E+11  1.250E+11  0.0000000E+00    2.0300616  -10.000  -10.000  -10.000  -10.000   -9.9999000
 1.34323E+07  4.1476873E+00  1.250E+11  1.250E+11  1.250E+11  1.250E+11  0.0000000E+00    2.0304003  -10.000  -10.000  -10.000  -10.000   -9.9999000
 1.37452E+07  4.1485287E+00  1.250E+11  1.250E+11  1.250E+11  1.250E+11  0.0000000E+00    2.0304884  -10.000  -10.000  -10.000  -10.000   -9.9999000
 1.40653E+07  4.1511130E+00  1.250E+11  1.250E+11  1.250E+11  1.250E+11  0.0000000E+00    2.0307589  -10.000  -10.000  -10.000  -10.000   -9.9999000
 1.43930E+07  4.1523950E+00  1.250E+11  1.250E+11  1.250E+11  1.250E+11  0.0000000E+00    2.0308930  -10.000  -10.000  -10.000  -10.000   -9.9999000
 1.47282E+07  4.1571788E+00  1.250E+11  1.250E+11  1.250E+11  1.250E+11  0.0000000E+00    2.0313930  -10.000  -10.000  -10.000  -10.000   -9.9999000
 1.50713E+07  4.1584404E+00  1.250E+11  1.250E+11  1.250E+11  1.250E+11  0.0000000E+00    2.0315248  -10.000  -10.000  -10.000  -10.000   -9.9999000
 1.54224E+07  4.1611325E+00  1.250E+11  1.250E+11  1.250E+11  1.250E+11  0.0000000E+00    2.0318059  -10.000  -10.000  -10.000  -10.000   -9.9999000
 1.57816E+07  4.1565363E+00  1.250E+11  1.250E+11  1.250E+11  1.250E+11  0.0000000E+00    2.0313259  -10.000  -10.000  -10.000  -10.000   -9.9999000
 1.61492E+07  4.1598125E+00  1.250E+11  1.250E+11  1.250E+11  1.250E+11  0.0000000E+00    2.0316681  -10.000  -10.000  -10.000  -10.000   -9.9999000
 1.63813E+07  4.1598125E+00  1.250E+11  1.250E+11  1.250E+11  1.250E+11  0.0000000E+00    2.0316681  -10.000  -10.000  -10.000  -10.000   -9.9999000
 1.63813E+07  4.0545676E+00  1.250E+11  1.250E+11  1.250E+11  1.250E+11  0.0000000E+00    2.0205389  -10.000  -10.000  -10.000  -10.000   -9.9999000
 1.63814E+07  4.0545676E+00  1.250E+11  1.250E+11  1.250E+11  1.250E+11  0.0000000E+00    2.0205389  -10.000  -10.000  -10.000  -10.000   -9.9999000
 1.63814E+07  4.0883043E+00  1.250E+11  1.250E+11  1.250E+11  1.250E+11  0.0000000E+00    2.0241375  -10.000  -10.000  -10.000  -10.000   -9.9999000
 1.63821E+07  4.0883043E+00  1.250E+11  1.250E+11  1.250E+11  1.250E+11  0.0000000E+00    2.0241375  -10.000  -10.000  -10.000  -10.000   -9.9999000
 1.63821E+07  4.1363766E+00  1.250E+11  1.250E+11  1.250E+11  1.250E+11  0.0000000E+00    2.0292144  -10.000  -10.000  -10.000  -10.000   -9.9999000
 1.65253E+07  4.1660515E+00  1.250E+11  1.250E+11  1.250E+11  1.250E+11  0.0000000E+00    2.0323189  -10.000  -10.000  -10.000  -10.000   -9.9999000
 1.69103E+07  4.1740557E+00  1.250E+11  1.250E+11  1.250E+11  1.250E+11  0.0000000E+00    2.0331525  -10.000  -10.000  -10.000  -10.000   -9.9999000
 1.73042E+07  4.1752176E+00  1.250E+11  1.250E+11  1.250E+11  1.250E+11  0.0000000E+00    2.0332734  -10.000  -10.000  -10.000  -10.000   -9.9999000
 1.77072E+07  4.1780038E+00  1.250E+11  1.250E+11  1.250E+11  1.250E+11  0.0000000E+00    2.0335631  -10.000  -10.000  -10.000  -10.000   -9.9999000
 1.81197E+07  4.1771003E+00  1.250E+11  1.250E+11  1.250E+11  1.250E+11  0.0000000E+00    2.0334692  -10.000  -10.000  -10.000  -10.000   -9.9999000
 1.85417E+07  4.1835527E+00  1.250E+11  1.250E+11  1.250E+11  1.250E+11  0.0000000E+00    2.0341395  -10.000  -10.000  -10.000  -10.000   -9.9999000
 1.89736E+07  4.1842827E+00  1.250E+11  1.250E+11  1.250E+11  1.250E+11  0.0000000E+00    2.0342153  -10.000  -10.000  -10.000  -10.000   -9.9999000
 1.94156E+07  4.1872095E+00  1.250E+11  1.250E+11  1.250E+11  1.250E+11  0.0000000E+00    2.0345190  -10.000  -10.000  -10.000  -10.000   -9.9999000
 1.98678E+07  4.1890652E+00  1.250E+11  1.250E+11  1.250E+11  1.250E+11  0.0000000E+00    2.0347114  -10.000  -10.000  -10.000  -10.000   -9.9999000
 2.03306E+07  4.1927327E+00  1.250E+11  1.250E+11  1.250E+11  1.250E+11  0.0000000E+00    2.0350915  -10.000  -10.000  -10.000  -10.000   -9.9999000
 2.08042E+07  4.1932041E+00  1.250E+11  1.250E+11  1.250E+11  1.250E+11  0.0000000E+00    2.0351403  -10.000  -10.000  -10.000  -10.000   -9.9999000
 2.08687E+07  4.1962055E+00  1.250E+11  1.250E+11  1.250E+11  1.250E+11  0.0000000E+00    2.0354510  -10.000  -10.000  -10.000  -10.000   -9.9999000
 2.08690E+07  4.1946207E+00  1.250E+11  1.250E+11  1.250E+11  1.250E+11  0.0000000E+00    2.0352870  -10.000  -10.000  -10.000  -10.000   -9.9999000
