 1.39290E+02  3.9774238E+00  1.250E+11  1.250E+11  1.250E+11  1.250E+11  0.0000000E+00    2.0000917  -10.000  -10.000  -10.000  -10.000   -9.9999000
 2.00530E+02  3.9760433E+00  1.250E+11  1.250E+11  1.250E+11  1.250E+11  0.0000000E+00    1.9999409  -10.000  -10.000  -10.000  -10.000   -9.9999000
 2.61990E+02  3.9770588E+00  1.250E+11  1.250E+11  1.250E+11  1.250E+11  0.0000000E+00    2.0000518  -10.000  -10.000  -10.000  -10.000   -9.9999000
 3.23890E+02  3.9792345E+00  1.250E+11  1.250E+11  1.250E+11  1.250E+11  0.0000000E+00    2.0002894  -10.000  -10.000  -10.000  -10.000   -9.9999000
 4.61700E+02  3.9779597E+00  1.250E+11  1.250E+11  1.250E+11  1.250E+11  0.0000000E+00    2.0001502  -10.000  -10.000  -10.000  -10.000   -9.9999000
 5.23160E+02  3.9786241E+00  1.250E+11  1.250E+11  1.250E+11  1.250E+11  0.0000000E+00    2.0002227  -10.000  -10.000  -10.000  -10.000   -9.9999000
 5.84570E+02  3.9764767E+00  1.250E+11  1.250E+11  1.250E+11  1.250E+11  0.0000000E+00    1.9999883  -10.000  -10.000  -10.000  -10.000   -9.9999000
 6.46030E+02  3.9788251E+00  1.250E+11  1.250E+11  1.250E+11  1.250E+11  0.0000000E+00    2.0002447  -10.000  -10.000  -10.000  -10.000   -9.9999000
 7.07600E+02  3.9797238E+00  1.250E+11  1.250E+11  1.250E+11  1.250E+11  0.0000000E+00    2.0003428  -10.000  -10.000  -10.000  -10.000   -9.9999000
 8.46020E+02  3.9784894E+00  1.250E+11  1.250E+11  1.250E+11  1.250E+11  0.0000000E+00    2.0002080  -10.000  -10.000  -10.000  -10.000   -9.9999000
 9.07260E+02  3.9777536E+00  1.250E+11  1.250E+11  1.250E+11  1.250E+11  0.0000000E+00    2.0001277  -10.000  -10.000  -10.000  -10.000   -9.9999000
 9.68610E+02  3.9780558E+00  1.250E+11  1.250E+11  1.250E+11  1.250E+11  0.0000000E+00    2.0001607  -10.000  -10.000  -10.000  -10.000   -9.9999000
 1.03013E+03  3.9787469E+00  1.250E+11  1.250E+11  1.250E+11  1.250E+11  0.0000000E+00    2.0002361  -10.000  -10.000  -10.000  -10.000   -9.9999000
 1.09148E+03  3.9793439E+00  1.250E+11  1.250E+11  1.250E+11  1.250E+11  0.0000000E+00    2.0003013  -10.000  -10.000  -10.000  -10.000   -9.9999000
 1.22978E+03  3.9787576E+00  1.250E+11  1.250E+11  1.250E+11  1.250E+11  0.0000000E+00    2.0002373  -10.000  -10.000  -10.000  -10.000   -9.9999000
 1.29135E+03  3.9775035E+00  1.250E+11  1.250E+11  1.250E+11  1.250E+11  0.0000000E+00    2.0001004  -10.000  -10.000  -10.000  -10.000   -9.9999000
 1.35259E+03  3.9789157E+00  1.250E+11  1.250E+11  1.250E+11  1.250E+11  0.0000000E+00    2.0002546  -10.000  -10.000  -10.000  -10.000   -9.9999000
 1.41405E+03  3.9803328E+00  1.250E+11  1.250E+11  1.250E+11  1.250E+11  0.0000000E+00    2.0004092  -10.000  -10.000  -10.000  -10.000   -9.9999000
 1.47541E+03  3.9809181E+00  1.250E+11  1.250E+11  1.250E+11  1.250E+11  0.0000000E+00    2.0004731  -10.000  -10.000  -10.000  -10.000   -9.9999000
 1.61398E+03  3.9780825E+00  1.250E+11  1.250E+11  1.250E+11  1.250E+11  0.0000000E+00    2.0001636  -10.000  -10.000  -10.000  -10.000   -9.9999000
 1.67550E+03  3.9787463E+00  1.250E+11  1.250E+11  1.250E+11  1.250E+11  0.0000000E+00    2.0002361  -10.000  -10.000  -10.000  -10.000   -9.9999000
 1.73718E+03  3.9795546E+00  1.250E+11  1.250E+11  1.250E+11  1.250E+11  0.0000000E+00    2.0003243  -10.000  -10.000  -10.000  -10.000   -9.9999000
 1.79848E+03  3.9791468E+00  1.250E+11  1.250E+11  1.250E+11  1.250E+11  0.0000000E+00    2.0002798  -10.000  -10.000  -10.000  -10.000   -9.9999000
 1.85978E+03  3.9796745E+00  1.250E+11  1.250E+11  1.250E+11  1.250E+11  0.0000000E+00    2.0003374  -10.000  -10.000  -10.000  -10.000   -9.9999000
 1.99890E+03  3.9785921E+00  1.250E+11  1.250E+11  1.250E+11  1.250E+11  0.0000000E+00    2.0002192  -10.000  -10.000  -10.000  -10.000   -9.9999000
 2.06080E+03  3.9800875E+00  1.250E+11  1.250E+11  1.250E+11  1.250E+11  0.0000000E+00    2.0003824  -10.000  -10.000  -10.000  -10.000   -9.9999000
 2.12243E+03  3.9811000E+00  1.250E+11  1.250E+11  1.250E+11  1.250E+11  0.0000000E+00    2.0004929  -10.000  -10.000  -10.000  -10.000   -9.9999000
 2.18389E+03  3.9798233E+00  1.250E+11  1.250E+11  1.250E+11  1.250E+11  0.0000000E+00    2.0003536  -10.000  -10.000  -10.000  -10.000   -9.9999000
 2.32181E+03  3.9787132E+00  1.250E+11  1.250E+11  1.250E+11  1.250E+11  0.0000000E+00    2.0002324  -10.000  -10.000  -10.000  -10.000   -9.9999000
 2.38343E+03  3.9800897E+00  1.250E+11  1.250E+11  1.250E+11  1.250E+11  0.0000000E+00    2.0003827  -10.000  -10.000  -10.000  -10.000   -9.9999000
 2.44484E+03  3.9812650E+00  1.250E+11  1.250E+11  1.250E+11  1.250E+11  0.0000000E+00    2.0005109  -10.000  -10.000  -10.000  -10.000   -9.9999000
 2.50614E+03  3.9806159E+00  1.250E+11  1.250E+11  1.250E+11  1.250E+11  0.0000000E+00    2.0004401  -10.000  -10.000  -10.000  -10.000   -9.9999000
 2.56787E+03  3.9787400E+00  1.250E+11  1.250E+11  1.250E+11  1.250E+11  0.0000000E+00    2.0002354  -10.000  -10.000  -10.000  -10.000   -9.9999000
 2.70651E+03  3.9799124E+00  1.250E+11  1.250E+11  1.250E+11  1.250E+11  0.0000000E+00    2.0003633  -10.000  -10.000  -10.000  -10.000   -9.9999000
 2.76830E+03  3.9794003E+00  1.250E+11  1.250E+11  1.250E+11  1.250E+11  0.0000000E+00    2.0003074  -10.000  -10.000  -10.000  -10.000   -9.9999000
 2.82976E+03  3.9799919E+00  1.250E+11  1.250E+11  1.250E+11  1.250E+11  0.0000000E+00    2.0003720  -10.000  -10.000  -10.000  -10.000   -9.9999000
 2.89100E+03  3.9790657E+00  1.250E+11  1.250E+11  1.250E+11  1.250E+11  0.0000000E+00    2.0002709  -10.000  -10.000  -10.000  -10.000   -9.9999000
 2.95241E+03  3.9812713E+00  1.250E+11  1.250E+11  1.250E+11  1.250E+11  0.0000000E+00    2.0005116  -10.000  -10.000  -10.000  -10.000   -9.9999000
 3.09137E+03  3.9807413E+00  1.250E+11  1.250E+11  1.250E+11  1.250E+11  0.0000000E+00    2.0004538  -10.000  -10.000  -10.000  -10.000   -9.9999000
 3.15267E+03  3.9801914E+00  1.250E+11  1.250E+11  1.250E+11  1.250E+11  0.0000000E+00    2.0003938  -10.000  -10.000  -10.000  -10.000   -9.9999000
 3.21402E+03  3.9810949E+00  1.250E+11  1.250E+11  1.250E+11  1.250E+11  0.0000000E+00    2.0004923  -10.000  -10.000  -10.000  -10.000   -9.9999000
 3.27548E+03  3.9790609E+00  1.250E+11  1.250E+11  1.250E+11  1.250E+11  0.0000000E+00    2.0002704  -10.000  -10.000  -10.000  -10.000   -9.9999000
 3.41510E+03  3.9815702E+00  1.250E+11  1.250E+11  1.250E+11  1.250E+11  0.0000000E+00    2.0005442  -10.000  -10.000  -10.000  -10.000   -9.9999000
 3.47651E+03  3.9810874E+00  1.250E+11  1.250E+11  1.250E+11  1.250E+11  0.0000000E+00    2.0004915  -10.000  -10.000  -10.000  -10.000   -9.9999000
 3.53813E+03  3.9803373E+00  1.250E+11  1.250E+11  1.250E+11  1.250E+11  0.0000000E+00    2.0004097  -10.000  -10.000  -10.000  -10.000   -9.9999000
 3.59970E+03  3.9787557E+00  1.250E+11  1.250E+11  1.250E+11  1.250E+11  0.0000000E+00    2.0002371  -10.000  -10.000  -10.000  -10.000   -9.9999000
 3.67270E+03  3.9817764E+00  1.250E+11  1.250E+11  1.250E+11  1.250E+11  0.0000000E+00    2.0005667  -10.000  -10.000  -10.000  -10.000   -9.9999000
 3.81111E+03  3.9815602E+00  1.250E+11  1.250E+11  1.250E+11  1.250E+11  0.0000000E+00    2.0005431  -10.000  -10.000  -10.000  -10.000   -9.9999000
 3.87312E+03  3.9802992E+00  1.250E+11  1.250E+11  1.250E+11  1.250E+11  0.0000000E+00    2.0004055  -10.000  -10.000  -10.000  -10.000   -9.9999000
 3.93728E+03  3.9804255E+00  1.250E+11  1.250E+11  1.250E+11  1.250E+11  0.0000000E+00    2.0004193  -10.000  -10.000  -10.000  -10.000   -9.9999000
 4.02961E+03  3.9815544E+00  1.250E+11  1.250E+11  1.250E+11  1.250E+11  0.0000000E+00    2.0005425  -10.000  -10.000  -10.000  -10.000   -9.9999000
 4.16824E+03  3.9821434E+00  1.250E+11  1.250E+11  1.250E+11  1.250E+11  0.0000000E+00    2.0006067  -10.000  -10.000  -10.000  -10.000   -9.9999000
 4.22954E+03  3.9824375E+00  1.250E+11  1.250E+11  1.250E+11  1.250E+11  0.0000000E+00    2.0006388  -10.000  -10.000  -10.000  -10.000   -9.9999000
 4.31972E+03  3.9816306E+00  1.250E+11  1.250E+11  1.250E+11  1.250E+11  0.0000000E+00    2.0005508  -10.000  -10.000  -10.000  -10.000   -9.9999000
 4.42095E+03  3.9807845E+00  1.250E+11  1.250E+11  1.250E+11  1.250E+11  0.0000000E+00    2.0004585  -10.000  -10.000  -10.000  -10.000   -9.9999000
 4.55931E+03  3.9813723E+00  1.250E+11  1.250E+11  1.250E+11  1.250E+11  0.0000000E+00    2.0005226  -10.000  -10.000  -10.000  -10.000   -9.9999000
 4.63060E+03  3.9807794E+00  1.250E+11  1.250E+11  1.250E+11  1.250E+11  0.0000000E+00    2.0004579  -10.000  -10.000  -10.000  -10.000   -9.9999000
 4.73908E+03  3.9815967E+00  1.250E+11  1.250E+11  1.250E+11  1.250E+11  0.0000000E+00    2.0005471  -10.000  -10.000  -10.000  -10.000   -9.9999000
 4.88908E+03  3.9805248E+00  1.250E+11  1.250E+11  1.250E+11  1.250E+11  0.0000000E+00    2.0004302  -10.000  -10.000  -10.000  -10.000   -9.9999000
 4.96367E+03  3.9808086E+00  1.250E+11  1.250E+11  1.250E+11  1.250E+11  0.0000000E+00    2.0004611  -10.000  -10.000  -10.000  -10.000   -9.9999000
 5.08011E+03  3.9816709E+00  1.250E+11  1.250E+11  1.250E+11  1.250E+11  0.0000000E+00    2.0005552  -10.000  -10.000  -10.000  -10.000   -9.9999000
 5.26181E+03  3.9829202E+00  1.250E+11  1.250E+11  1.250E+11  1.250E+11  0.0000000E+00    2.0006914  -10.000  -10.000  -10.000  -10.000   -9.9999000
 5.32338E+03  3.9801680E+00  1.250E+11  1.250E+11  1.250E+11  1.250E+11  0.0000000E+00    2.0003912  -10.000  -10.000  -10.000  -10.000   -9.9999000
 5.44520E+03  3.9822075E+00  1.250E+11  1.250E+11  1.250E+11  1.250E+11  0.0000000E+00    2.0006137  -10.000  -10.000  -10.000  -10.000   -9.9999000
 5.62772E+03  3.9825994E+00  1.250E+11  1.250E+11  1.250E+11  1.250E+11  0.0000000E+00    2.0006564  -10.000  -10.000  -10.000  -10.000   -9.9999000
 5.70308E+03  3.9835688E+00  1.250E+11  1.250E+11  1.250E+11  1.250E+11  0.0000000E+00    2.0007621  -10.000  -10.000  -10.000  -10.000   -9.9999000
 5.83655E+03  3.9823515E+00  1.250E+11  1.250E+11  1.250E+11  1.250E+11  0.0000000E+00    2.0006294  -10.000  -10.000  -10.000  -10.000   -9.9999000
 5.99709E+03  3.9827433E+00  1.250E+11  1.250E+11  1.250E+11  1.250E+11  0.0000000E+00    2.0006721  -10.000  -10.000  -10.000  -10.000   -9.9999000
 6.11299E+03  3.9829526E+00  1.250E+11  1.250E+11  1.250E+11  1.250E+11  0.0000000E+00    2.0006949  -10.000  -10.000  -10.000  -10.000   -9.9999000
 6.25590E+03  3.9828492E+00  1.250E+11  1.250E+11  1.250E+11  1.250E+11  0.0000000E+00    2.0006837  -10.000  -10.000  -10.000  -10.000   -9.9999000
 6.40222E+03  3.9831064E+00  1.250E+11  1.250E+11  1.250E+11  1.250E+11  0.0000000E+00    2.0007117  -10.000  -10.000  -10.000  -10.000   -9.9999000
 6.55195E+03  3.9821227E+00  1.250E+11  1.250E+11  1.250E+11  1.250E+11  0.0000000E+00    2.0006045  -10.000  -10.000  -10.000  -10.000   -9.9999000
 6.73414E+03  3.9833940E+00  1.250E+11  1.250E+11  1.250E+11  1.250E+11  0.0000000E+00    2.0007431  -10.000  -10.000  -10.000  -10.000   -9.9999000
 6.86206E+03  3.9834306E+00  1.250E+11  1.250E+11  1.250E+11  1.250E+11  0.0000000E+00    2.0007471  -10.000  -10.000  -10.000  -10.000   -9.9999000
 7.09857E+03  3.9825719E+00  1.250E+11  1.250E+11  1.250E+11  1.250E+11  0.0000000E+00    2.0006534  -10.000  -10.000  -10.000  -10.000   -9.9999000
 7.18667E+03  3.9816537E+00  1.250E+11  1.250E+11  1.250E+11  1.250E+11  0.0000000E+00    2.0005533  -10.000  -10.000  -10.000  -10.000   -9.9999000
 7.35474E+03  3.9818635E+00  1.250E+11  1.250E+11  1.250E+11  1.250E+11  0.0000000E+00    2.0005762  -10.000  -10.000  -10.000  -10.000   -9.9999000
 7.52666E+03  3.9822315E+00  1.250E+11  1.250E+11  1.250E+11  1.250E+11  0.0000000E+00    2.0006163  -10.000  -10.000  -10.000  -10.000   -9.9999000
 7.70258E+03  3.9826915E+00  1.250E+11  1.250E+11  1.250E+11  1.250E+11  0.0000000E+00    2.0006665  -10.000  -10.000  -10.000  -10.000   -9.9999000
 7.88263E+03  3.9824354E+00  1.250E+11  1.250E+11  1.250E+11  1.250E+11  0.0000000E+00    2.0006386  -10.000  -10.000  -10.000  -10.000   -9.9999000
 8.06691E+03  3.9827676E+00  1.250E+11  1.250E+11  1.250E+11  1.250E+11  0.0000000E+00    2.0006748  -10.000  -10.000  -10.000  -10.000   -9.9999000
 8.25541E+03  3.9843941E+00  1.250E+11  1.250E+11  1.250E+11  1.250E+11  0.0000000E+00    2.0008521  -10.000  -10.000  -10.000  -10.000   -9.9999000
 8.44836E+03  3.9841685E+00  1.250E+11  1.250E+11  1.250E+11  1.250E+11  0.0000000E+00    2.0008275  -10.000  -10.000  -10.000  -10.000   -9.9999000
 8.64576E+03  3.9836456E+00  1.250E+11  1.250E+11  1.250E+11  1.250E+11  0.0000000E+00    2.0007705  -10.000  -10.000  -10.000  -10.000   -9.9999000
 8.84778E+03  3.9828761E+00  1.250E+11  1.250E+11  1.250E+11  1.250E+11  0.0000000E+00    2.0006866  -10.000  -10.000  -10.000  -10.000   -9.9999000
 9.05447E+03  3.9842485E+00  1.250E+11  1.250E+11  1.250E+11  1.250E+11  0.0000000E+00    2.0008362  -10.000  -10.000  -10.000  -10.000   -9.9999000
 9.32409E+03  3.9835998E+00  1.250E+11  1.250E+11  1.250E+11  1.250E+11  0.0000000E+00    2.0007655  -10.000  -10.000  -10.000  -10.000   -9.9999000
 9.48244E+03  3.9836673E+00  1.250E+11  1.250E+11  1.250E+11  1.250E+11  0.0000000E+00    2.0007729  -10.000  -10.000  -10.000  -10.000   -9.9999000
 9.70396E+03  3.9825010E+00  1.250E+11  1.250E+11  1.250E+11  1.250E+11  0.0000000E+00    2.0006457  -10.000  -10.000  -10.000  -10.000   -9.9999000
 9.93075E+03  3.9830442E+00  1.250E+11  1.250E+11  1.250E+11  1.250E+11  0.0000000E+00    2.0007049  -10.000  -10.000  -10.000  -10.000   -9.9999000
 1.01626E+04  3.9843854E+00  1.250E+11  1.250E+11  1.250E+11  1.250E+11  0.0000000E+00    2.0008512  -10.000  -10.000  -10.000  -10.000   -9.9999000
 1.04404E+04  3.9845200E+00  1.250E+11  1.250E+11  1.250E+11  1.250E+11  0.0000000E+00    2.0008658  -10.000  -10.000  -10.000  -10.000   -9.9999000
 1.06428E+04  3.9851664E+00  1.250E+11  1.250E+11  1.250E+11  1.250E+11  0.0000000E+00    2.0009363  -10.000  -10.000  -10.000  -10.000   -9.9999000
 1.08913E+04  3.9833246E+00  1.250E+11  1.250E+11  1.250E+11  1.250E+11  0.0000000E+00    2.0007355  -10.000  -10.000  -10.000  -10.000   -9.9999000
 1.11711E+04  3.9851456E+00  1.250E+11  1.250E+11  1.250E+11  1.250E+11  0.0000000E+00    2.0009340  -10.000  -10.000  -10.000  -10.000   -9.9999000
 1.14059E+04  3.9852511E+00  1.250E+11  1.250E+11  1.250E+11  1.250E+11  0.0000000E+00    2.0009455  -10.000  -10.000  -10.000  -10.000   -9.9999000
 1.16722E+04  3.9851818E+00  1.250E+11  1.250E+11  1.250E+11  1.250E+11  0.0000000E+00    2.0009380  -10.000  -10.000  -10.000  -10.000   -9.9999000
 1.19447E+04  3.9852760E+00  1.250E+11  1.250E+11  1.250E+11  1.250E+11  0.0000000E+00    2.0009482  -10.000  -10.000  -10.000  -10.000   -9.9999000
 1.22783E+04  3.9857833E+00  1.250E+11  1.250E+11  1.250E+11  1.250E+11  0.0000000E+00    2.0010035  -10.000  -10.000  -10.000  -10.000   -9.9999000
 1.25089E+04  3.9870467E+00  1.250E+11  1.250E+11  1.250E+11  1.250E+11  0.0000000E+00    2.0011411  -10.000  -10.000  -10.000  -10.000   -9.9999000
 1.28009E+04  3.9865586E+00  1.250E+11  1.250E+11  1.250E+11  1.250E+11  0.0000000E+00    2.0010880  -10.000  -10.000  -10.000  -10.000   -9.9999000
 1.30997E+04  3.9842682E+00  1.250E+11  1.250E+11  1.250E+11  1.250E+11  0.0000000E+00    2.0008384  -10.000  -10.000  -10.000  -10.000   -9.9999000
 1.34054E+04  3.9863494E+00  1.250E+11  1.250E+11  1.250E+11  1.250E+11  0.0000000E+00    2.0010652  -10.000  -10.000  -10.000  -10.000   -9.9999000
 1.37497E+04  3.9860615E+00  1.250E+11  1.250E+11  1.250E+11  1.250E+11  0.0000000E+00    2.0010338  -10.000  -10.000  -10.000  -10.000   -9.9999000
 1.41206E+04  3.9859746E+00  1.250E+11  1.250E+11  1.250E+11  1.250E+11  0.0000000E+00    2.0010243  -10.000  -10.000  -10.000  -10.000   -9.9999000
 1.43661E+04  3.9871290E+00  1.250E+11  1.250E+11  1.250E+11  1.250E+11  0.0000000E+00    2.0011501  -10.000  -10.000  -10.000  -10.000   -9.9999000
 1.47014E+04  3.9856717E+00  1.250E+11  1.250E+11  1.250E+11  1.250E+11  0.0000000E+00    2.0009913  -10.000  -10.000  -10.000  -10.000   -9.9999000
 1.50444E+04  3.9875130E+00  1.250E+11  1.250E+11  1.250E+11  1.250E+11  0.0000000E+00    2.0011919  -10.000  -10.000  -10.000  -10.000   -9.9999000
 1.53955E+04  3.9872952E+00  1.250E+11  1.250E+11  1.250E+11  1.250E+11  0.0000000E+00    2.0011682  -10.000  -10.000  -10.000  -10.000   -9.9999000
 1.57547E+04  3.9867753E+00  1.250E+11  1.250E+11  1.250E+11  1.250E+11  0.0000000E+00    2.0011116  -10.000  -10.000  -10.000  -10.000   -9.9999000
 1.61245E+04  3.9866672E+00  1.250E+11  1.250E+11  1.250E+11  1.250E+11  0.0000000E+00    2.0010998  -10.000  -10.000  -10.000  -10.000   -9.9999000
 1.64985E+04  3.9876791E+00  1.250E+11  1.250E+11  1.250E+11  1.250E+11  0.0000000E+00    2.0012100  -10.000  -10.000  -10.000  -10.000   -9.9999000
 1.68834E+04  3.9878609E+00  1.250E+11  1.250E+11  1.250E+11  1.250E+11  0.0000000E+00    2.0012298  -10.000  -10.000  -10.000  -10.000   -9.9999000
 1.72773E+04  3.9874993E+00  1.250E+11  1.250E+11  1.250E+11  1.250E+11  0.0000000E+00    2.0011904  -10.000  -10.000  -10.000  -10.000   -9.9999000
 1.76803E+04  3.9862538E+00  1.250E+11  1.250E+11  1.250E+11  1.250E+11  0.0000000E+00    2.0010548  -10.000  -10.000  -10.000  -10.000   -9.9999000
 1.80928E+04  3.9880113E+00  1.250E+11  1.250E+11  1.250E+11  1.250E+11  0.0000000E+00    2.0012462  -10.000  -10.000  -10.000  -10.000   -9.9999000
 1.85624E+04  3.9884117E+00  1.250E+11  1.250E+11  1.250E+11  1.250E+11  0.0000000E+00    2.0012898  -10.000  -10.000  -10.000  -10.000   -9.9999000
 1.89468E+04  3.9885830E+00  1.250E+11  1.250E+11  1.250E+11  1.250E+11  0.0000000E+00    2.0013084  -10.000  -10.000  -10.000  -10.000   -9.9999000
 1.93887E+04  3.9880854E+00  1.250E+11  1.250E+11  1.250E+11  1.250E+11  0.0000000E+00    2.0012543  -10.000  -10.000  -10.000  -10.000   -9.9999000
 1.98409E+04  3.9871360E+00  1.250E+11  1.250E+11  1.250E+11  1.250E+11  0.0000000E+00    2.0011509  -10.000  -10.000  -10.000  -10.000   -9.9999000
 2.03038E+04  3.9889338E+00  1.250E+11  1.250E+11  1.250E+11  1.250E+11  0.0000000E+00    2.0013466  -10.000  -10.000  -10.000  -10.000   -9.9999000
 2.07773E+04  3.9899054E+00  1.250E+11  1.250E+11  1.250E+11  1.250E+11  0.0000000E+00    2.0014524  -10.000  -10.000  -10.000  -10.000   -9.9999000
 2.12619E+04  3.9902589E+00  1.250E+11  1.250E+11  1.250E+11  1.250E+11  0.0000000E+00    2.0014909  -10.000  -10.000  -10.000  -10.000   -9.9999000
 2.17578E+04  3.9894811E+00  1.250E+11  1.250E+11  1.250E+11  1.250E+11  0.0000000E+00    2.0014062  -10.000  -10.000  -10.000  -10.000   -9.9999000
 2.22652E+04  3.9900106E+00  1.250E+11  1.250E+11  1.250E+11  1.250E+11  0.0000000E+00    2.0014639  -10.000  -10.000  -10.000  -10.000   -9.9999000
 2.27845E+04  3.9903192E+00  1.250E+11  1.250E+11  1.250E+11  1.250E+11  0.0000000E+00    2.0014974  -10.000  -10.000  -10.000  -10.000   -9.9999000
 2.33385E+04  3.9908491E+00  1.250E+11  1.250E+11  1.250E+11  1.250E+11  0.0000000E+00    2.0015551  -10.000  -10.000  -10.000  -10.000   -9.9999000
 2.38595E+04  3.9895216E+00  1.250E+11  1.250E+11  1.250E+11  1.250E+11  0.0000000E+00    2.0014106  -10.000  -10.000  -10.000  -10.000   -9.9999000
 2.44450E+04  3.9915016E+00  1.250E+11  1.250E+11  1.250E+11  1.250E+11  0.0000000E+00    2.0016261  -10.000  -10.000  -10.000  -10.000   -9.9999000
 2.49854E+04  3.9910189E+00  1.250E+11  1.250E+11  1.250E+11  1.250E+11  0.0000000E+00    2.0015736  -10.000  -10.000  -10.000  -10.000   -9.9999000
 2.55715E+04  3.9917707E+00  1.250E+11  1.250E+11  1.250E+11  1.250E+11  0.0000000E+00    2.0016554  -10.000  -10.000  -10.000  -10.000   -9.9999000
 2.61640E+04  3.9925582E+00  1.250E+11  1.250E+11  1.250E+11  1.250E+11  0.0000000E+00    2.0017411  -10.000  -10.000  -10.000  -10.000   -9.9999000
 2.67741E+04  3.9906193E+00  1.250E+11  1.250E+11  1.250E+11  1.250E+11  0.0000000E+00    2.0015301  -10.000  -10.000  -10.000  -10.000   -9.9999000
 2.74126E+04  3.9915830E+00  1.250E+11  1.250E+11  1.250E+11  1.250E+11  0.0000000E+00    2.0016350  -10.000  -10.000  -10.000  -10.000   -9.9999000
 2.80372E+04  3.9918715E+00  1.250E+11  1.250E+11  1.250E+11  1.250E+11  0.0000000E+00    2.0016664  -10.000  -10.000  -10.000  -10.000   -9.9999000
 2.86909E+04  3.9924108E+00  1.250E+11  1.250E+11  1.250E+11  1.250E+11  0.0000000E+00    2.0017250  -10.000  -10.000  -10.000  -10.000   -9.9999000
 2.93662E+04  3.9911841E+00  1.250E+11  1.250E+11  1.250E+11  1.250E+11  0.0000000E+00    2.0015916  -10.000  -10.000  -10.000  -10.000   -9.9999000
 3.00443E+04  3.9931594E+00  1.250E+11  1.250E+11  1.250E+11  1.250E+11  0.0000000E+00    2.0018065  -10.000  -10.000  -10.000  -10.000   -9.9999000
 3.07448E+04  3.9936164E+00  1.250E+11  1.250E+11  1.250E+11  1.250E+11  0.0000000E+00    2.0018562  -10.000  -10.000  -10.000  -10.000   -9.9999000
 3.14672E+04  3.9938198E+00  1.250E+11  1.250E+11  1.250E+11  1.250E+11  0.0000000E+00    2.0018783  -10.000  -10.000  -10.000  -10.000   -9.9999000
 3.22014E+04  3.9918736E+00  1.250E+11  1.250E+11  1.250E+11  1.250E+11  0.0000000E+00    2.0016666  -10.000  -10.000  -10.000  -10.000   -9.9999000
 3.29456E+04  3.9935428E+00  1.250E+11  1.250E+11  1.250E+11  1.250E+11  0.0000000E+00    2.0018482  -10.000  -10.000  -10.000  -10.000   -9.9999000
 3.37136E+04  3.9939600E+00  1.250E+11  1.250E+11  1.250E+11  1.250E+11  0.0000000E+00    2.0018935  -10.000  -10.000  -10.000  -10.000   -9.9999000
 3.44995E+04  3.9954361E+00  1.250E+11  1.250E+11  1.250E+11  1.250E+11  0.0000000E+00    2.0020540  -10.000  -10.000  -10.000  -10.000   -9.9999000
 3.53037E+04  3.9968356E+00  1.250E+11  1.250E+11  1.250E+11  1.250E+11  0.0000000E+00    2.0022061  -10.000  -10.000  -10.000  -10.000   -9.9999000
 3.61267E+04  3.9945434E+00  1.250E+11  1.250E+11  1.250E+11  1.250E+11  0.0000000E+00    2.0019570  -10.000  -10.000  -10.000  -10.000   -9.9999000
 3.69702E+04  3.9970421E+00  1.250E+11  1.250E+11  1.250E+11  1.250E+11  0.0000000E+00    2.0022285  -10.000  -10.000  -10.000  -10.000   -9.9999000
 3.78305E+04  3.9967393E+00  1.250E+11  1.250E+11  1.250E+11  1.250E+11  0.0000000E+00    2.0021956  -10.000  -10.000  -10.000  -10.000   -9.9999000
 3.87124E+04  3.9968289E+00  1.250E+11  1.250E+11  1.250E+11  1.250E+11  0.0000000E+00    2.0022054  -10.000  -10.000  -10.000  -10.000   -9.9999000
 3.96147E+04  3.9959474E+00  1.250E+11  1.250E+11  1.250E+11  1.250E+11  0.0000000E+00    2.0021096  -10.000  -10.000  -10.000  -10.000   -9.9999000
 4.05381E+04  3.9978929E+00  1.250E+11  1.250E+11  1.250E+11  1.250E+11  0.0000000E+00    2.0023210  -10.000  -10.000  -10.000  -10.000   -9.9999000
 4.14830E+04  3.9986135E+00  1.250E+11  1.250E+11  1.250E+11  1.250E+11  0.0000000E+00    2.0023992  -10.000  -10.000  -10.000  -10.000   -9.9999000
 4.25002E+04  3.9984272E+00  1.250E+11  1.250E+11  1.250E+11  1.250E+11  0.0000000E+00    2.0023790  -10.000  -10.000  -10.000  -10.000   -9.9999000
 4.34393E+04  3.9988004E+00  1.250E+11  1.250E+11  1.250E+11  1.250E+11  0.0000000E+00    2.0024195  -10.000  -10.000  -10.000  -10.000   -9.9999000
 4.44518E+04  3.9985811E+00  1.250E+11  1.250E+11  1.250E+11  1.250E+11  0.0000000E+00    2.0023957  -10.000  -10.000  -10.000  -10.000   -9.9999000
 4.54878E+04  3.9995775E+00  1.250E+11  1.250E+11  1.250E+11  1.250E+11  0.0000000E+00    2.0025039  -10.000  -10.000  -10.000  -10.000   -9.9999000
 4.65490E+04  3.9981958E+00  1.250E+11  1.250E+11  1.250E+11  1.250E+11  0.0000000E+00    2.0023539  -10.000  -10.000  -10.000  -10.000   -9.9999000
 4.76569E+04  3.9991025E+00  1.250E+11  1.250E+11  1.250E+11  1.250E+11  0.0000000E+00    2.0024524  -10.000  -10.000  -10.000  -10.000   -9.9999000
 4.87620E+04  3.9986718E+00  1.250E+11  1.250E+11  1.250E+11  1.250E+11  0.0000000E+00    2.0024056  -10.000  -10.000  -10.000  -10.000   -9.9999000
 4.98853E+04  4.0013242E+00  1.250E+11  1.250E+11  1.250E+11  1.250E+11  0.0000000E+00    2.0026936  -10.000  -10.000  -10.000  -10.000   -9.9999000
 5.10414E+04  4.0011267E+00  1.250E+11  1.250E+11  1.250E+11  1.250E+11  0.0000000E+00    2.0026721  -10.000  -10.000  -10.000  -10.000   -9.9999000
 5.22309E+04  4.0020192E+00  1.250E+11  1.250E+11  1.250E+11  1.250E+11  0.0000000E+00    2.0027690  -10.000  -10.000  -10.000  -10.000   -9.9999000
 5.34482E+04  4.0015466E+00  1.250E+11  1.250E+11  1.250E+11  1.250E+11  0.0000000E+00    2.0027177  -10.000  -10.000  -10.000  -10.000   -9.9999000
 5.47010E+04  4.0039237E+00  1.250E+11  1.250E+11  1.250E+11  1.250E+11  0.0000000E+00    2.0029756  -10.000  -10.000  -10.000  -10.000   -9.9999000
 5.59684E+04  4.0026006E+00  1.250E+11  1.250E+11  1.250E+11  1.250E+11  0.0000000E+00    2.0028321  -10.000  -10.000  -10.000  -10.000   -9.9999000
 5.72809E+04  4.0043969E+00  1.250E+11  1.250E+11  1.250E+11  1.250E+11  0.0000000E+00    2.0030269  -10.000  -10.000  -10.000  -10.000   -9.9999000
 5.86074E+04  4.0038886E+00  1.250E+11  1.250E+11  1.250E+11  1.250E+11  0.0000000E+00    2.0029718  -10.000  -10.000  -10.000  -10.000   -9.9999000
 5.99733E+04  4.0021890E+00  1.250E+11  1.250E+11  1.250E+11  1.250E+11  0.0000000E+00    2.0027874  -10.000  -10.000  -10.000  -10.000   -9.9999000
 6.13707E+04  4.0040621E+00  1.250E+11  1.250E+11  1.250E+11  1.250E+11  0.0000000E+00    2.0029906  -10.000  -10.000  -10.000  -10.000   -9.9999000
 6.28346E+04  4.0064046E+00  1.250E+11  1.250E+11  1.250E+11  1.250E+11  0.0000000E+00    2.0032446  -10.000  -10.000  -10.000  -10.000   -9.9999000
 6.43149E+04  4.0060270E+00  1.250E+11  1.250E+11  1.250E+11  1.250E+11  0.0000000E+00    2.0032037  -10.000  -10.000  -10.000  -10.000   -9.9999000
 6.57866E+04  4.0048149E+00  1.250E+11  1.250E+11  1.250E+11  1.250E+11  0.0000000E+00    2.0030723  -10.000  -10.000  -10.000  -10.000   -9.9999000
 6.72942E+04  4.0068894E+00  1.250E+11  1.250E+11  1.250E+11  1.250E+11  0.0000000E+00    2.0032972  -10.000  -10.000  -10.000  -10.000   -9.9999000
 6.88623E+04  4.0088500E+00  1.250E+11  1.250E+11  1.250E+11  1.250E+11  0.0000000E+00    2.0035096  -10.000  -10.000  -10.000  -10.000   -9.9999000
 7.04670E+04  4.0073676E+00  1.250E+11  1.250E+11  1.250E+11  1.250E+11  0.0000000E+00    2.0033490  -10.000  -10.000  -10.000  -10.000   -9.9999000
 7.21090E+04  4.0067978E+00  1.250E+11  1.250E+11  1.250E+11  1.250E+11  0.0000000E+00    2.0032872  -10.000  -10.000  -10.000  -10.000   -9.9999000
 7.37897E+04  4.0081587E+00  1.250E+11  1.250E+11  1.250E+11  1.250E+11  0.0000000E+00    2.0034347  -10.000  -10.000  -10.000  -10.000   -9.9999000
 7.55087E+04  4.0094957E+00  1.250E+11  1.250E+11  1.250E+11  1.250E+11  0.0000000E+00    2.0035796  -10.000  -10.000  -10.000  -10.000   -9.9999000
 7.72681E+04  4.0101263E+00  1.250E+11  1.250E+11  1.250E+11  1.250E+11  0.0000000E+00    2.0036479  -10.000  -10.000  -10.000  -10.000   -9.9999000
 7.90685E+04  4.0093846E+00  1.250E+11  1.250E+11  1.250E+11  1.250E+11  0.0000000E+00    2.0035675  -10.000  -10.000  -10.000  -10.000   -9.9999000
 8.09109E+04  4.0093721E+00  1.250E+11  1.250E+11  1.250E+11  1.250E+11  0.0000000E+00    2.0035662  -10.000  -10.000  -10.000  -10.000   -9.9999000
 8.27962E+04  4.0117392E+00  1.250E+11  1.250E+11  1.250E+11  1.250E+11  0.0000000E+00    2.0038225  -10.000  -10.000  -10.000  -10.000   -9.9999000
 8.47254E+04  4.0113880E+00  1.250E+11  1.250E+11  1.250E+11  1.250E+11  0.0000000E+00    2.0037845  -10.000  -10.000  -10.000  -10.000   -9.9999000
 8.66995E+04  4.0124647E+00  1.250E+11  1.250E+11  1.250E+11  1.250E+11  0.0000000E+00    2.0039010  -10.000  -10.000  -10.000  -10.000   -9.9999000
 8.87196E+04  4.0116350E+00  1.250E+11  1.250E+11  1.250E+11  1.250E+11  0.0000000E+00    2.0038112  -10.000  -10.000  -10.000  -10.000   -9.9999000
 9.08618E+04  4.0128126E+00  1.250E+11  1.250E+11  1.250E+11  1.250E+11  0.0000000E+00    2.0039387  -10.000  -10.000  -10.000  -10.000   -9.9999000
 9.29021E+04  4.0139184E+00  1.250E+11  1.250E+11  1.250E+11  1.250E+11  0.0000000E+00    2.0040584  -10.000  -10.000  -10.000  -10.000   -9.9999000
 9.50667E+04  4.0157804E+00  1.250E+11  1.250E+11  1.250E+11  1.250E+11  0.0000000E+00    2.0042598  -10.000  -10.000  -10.000  -10.000   -9.9999000
 9.72817E+04  4.0153164E+00  1.250E+11  1.250E+11  1.250E+11  1.250E+11  0.0000000E+00    2.0042096  -10.000  -10.000  -10.000  -10.000   -9.9999000
 9.95483E+04  4.0160801E+00  1.250E+11  1.250E+11  1.250E+11  1.250E+11  0.0000000E+00    2.0042922  -10.000  -10.000  -10.000  -10.000   -9.9999000
 1.01907E+05  4.0162725E+00  1.250E+11  1.250E+11  1.250E+11  1.250E+11  0.0000000E+00    2.0043130  -10.000  -10.000  -10.000  -10.000   -9.9999000
 1.04253E+05  4.0190229E+00  1.250E+11  1.250E+11  1.250E+11  1.250E+11  0.0000000E+00    2.0046103  -10.000  -10.000  -10.000  -10.000   -9.9999000
 1.06735E+05  4.0167949E+00  1.250E+11  1.250E+11  1.250E+11  1.250E+11  0.0000000E+00    2.0043695  -10.000  -10.000  -10.000  -10.000   -9.9999000
 1.09155E+05  4.0182084E+00  1.250E+11  1.250E+11  1.250E+11  1.250E+11  0.0000000E+00    2.0045223  -10.000  -10.000  -10.000  -10.000   -9.9999000
 1.11698E+05  4.0189187E+00  1.250E+11  1.250E+11  1.250E+11  1.250E+11  0.0000000E+00    2.0045990  -10.000  -10.000  -10.000  -10.000   -9.9999000
 1.14301E+05  4.0215914E+00  1.250E+11  1.250E+11  1.250E+11  1.250E+11  0.0000000E+00    2.0048878  -10.000  -10.000  -10.000  -10.000   -9.9999000
 1.17044E+05  4.0207564E+00  1.250E+11  1.250E+11  1.250E+11  1.250E+11  0.0000000E+00    2.0047976  -10.000  -10.000  -10.000  -10.000   -9.9999000
 1.19689E+05  4.0194948E+00  1.250E+11  1.250E+11  1.250E+11  1.250E+11  0.0000000E+00    2.0046613  -10.000  -10.000  -10.000  -10.000   -9.9999000
 1.22537E+05  4.0228540E+00  1.250E+11  1.250E+11  1.250E+11  1.250E+11  0.0000000E+00    2.0050241  -10.000  -10.000  -10.000  -10.000   -9.9999000
 1.25331E+05  4.0227515E+00  1.250E+11  1.250E+11  1.250E+11  1.250E+11  0.0000000E+00    2.0050130  -10.000  -10.000  -10.000  -10.000   -9.9999000
 1.28251E+05  4.0222117E+00  1.250E+11  1.250E+11  1.250E+11  1.250E+11  0.0000000E+00    2.0049547  -10.000  -10.000  -10.000  -10.000   -9.9999000
 1.31239E+05  4.0221905E+00  1.250E+11  1.250E+11  1.250E+11  1.250E+11  0.0000000E+00    2.0049525  -10.000  -10.000  -10.000  -10.000   -9.9999000
 1.34296E+05  4.0248978E+00  1.250E+11  1.250E+11  1.250E+11  1.250E+11  0.0000000E+00    2.0052447  -10.000  -10.000  -10.000  -10.000   -9.9999000
 1.37425E+05  4.0253503E+00  1.250E+11  1.250E+11  1.250E+11  1.250E+11  0.0000000E+00    2.0052935  -10.000  -10.000  -10.000  -10.000   -9.9999000
 1.40692E+05  4.0262747E+00  1.250E+11  1.250E+11  1.250E+11  1.250E+11  0.0000000E+00    2.0053932  -10.000  -10.000  -10.000  -10.000   -9.9999000
 1.43903E+05  4.0248719E+00  1.250E+11  1.250E+11  1.250E+11  1.250E+11  0.0000000E+00    2.0052419  -10.000  -10.000  -10.000  -10.000   -9.9999000
 1.47256E+05  4.0276710E+00  1.250E+11  1.250E+11  1.250E+11  1.250E+11  0.0000000E+00    2.0055438  -10.000  -10.000  -10.000  -10.000   -9.9999000
 1.50686E+05  4.0289019E+00  1.250E+11  1.250E+11  1.250E+11  1.250E+11  0.0000000E+00    2.0056765  -10.000  -10.000  -10.000  -10.000   -9.9999000
 1.54197E+05  4.0293629E+00  1.250E+11  1.250E+11  1.250E+11  1.250E+11  0.0000000E+00    2.0057262  -10.000  -10.000  -10.000  -10.000   -9.9999000
 1.57789E+05  4.0279971E+00  1.250E+11  1.250E+11  1.250E+11  1.250E+11  0.0000000E+00    2.0055790  -10.000  -10.000  -10.000  -10.000   -9.9999000
 1.61465E+05  4.0306509E+00  1.250E+11  1.250E+11  1.250E+11  1.250E+11  0.0000000E+00    2.0058650  -10.000  -10.000  -10.000  -10.000   -9.9999000
 1.65227E+05  4.0315187E+00  1.250E+11  1.250E+11  1.250E+11  1.250E+11  0.0000000E+00    2.0059585  -10.000  -10.000  -10.000  -10.000   -9.9999000
 1.69114E+05  4.0324957E+00  1.250E+11  1.250E+11  1.250E+11  1.250E+11  0.0000000E+00    2.0060637  -10.000  -10.000  -10.000  -10.000   -9.9999000
 1.73015E+05  4.0319223E+00  1.250E+11  1.250E+11  1.250E+11  1.250E+11  0.0000000E+00    2.0060020  -10.000  -10.000  -10.000  -10.000   -9.9999000
 1.77046E+05  4.0313033E+00  1.250E+11  1.250E+11  1.250E+11  1.250E+11  0.0000000E+00    2.0059353  -10.000  -10.000  -10.000  -10.000   -9.9999000
 1.81170E+05  4.0329342E+00  1.250E+11  1.250E+11  1.250E+11  1.250E+11  0.0000000E+00    2.0061110  -10.000  -10.000  -10.000  -10.000   -9.9999000
 1.85391E+05  4.0350183E+00  1.250E+11  1.250E+11  1.250E+11  1.250E+11  0.0000000E+00    2.0063353  -10.000  -10.000  -10.000  -10.000   -9.9999000
 1.89710E+05  4.0348386E+00  1.250E+11  1.250E+11  1.250E+11  1.250E+11  0.0000000E+00    2.0063160  -10.000  -10.000  -10.000  -10.000   -9.9999000
 1.94129E+05  4.0330475E+00  1.250E+11  1.250E+11  1.250E+11  1.250E+11  0.0000000E+00    2.0061232  -10.000  -10.000  -10.000  -10.000   -9.9999000
 1.98652E+05  4.0351968E+00  1.250E+11  1.250E+11  1.250E+11  1.250E+11  0.0000000E+00    2.0063545  -10.000  -10.000  -10.000  -10.000   -9.9999000
 2.03280E+05  4.0371349E+00  1.250E+11  1.250E+11  1.250E+11  1.250E+11  0.0000000E+00    2.0065631  -10.000  -10.000  -10.000  -10.000   -9.9999000
 2.08015E+05  4.0382680E+00  1.250E+11  1.250E+11  1.250E+11  1.250E+11  0.0000000E+00    2.0066850  -10.000  -10.000  -10.000  -10.000   -9.9999000
 2.12861E+05  4.0383365E+00  1.250E+11  1.250E+11  1.250E+11  1.250E+11  0.0000000E+00    2.0066923  -10.000  -10.000  -10.000  -10.000   -9.9999000
 2.17828E+05  4.0405129E+00  1.250E+11  1.250E+11  1.250E+11  1.250E+11  0.0000000E+00    2.0069263  -10.000  -10.000  -10.000  -10.000   -9.9999000
 2.22965E+05  4.0410136E+00  1.250E+11  1.250E+11  1.250E+11  1.250E+11  0.0000000E+00    2.0069801  -10.000  -10.000  -10.000  -10.000   -9.9999000
 2.28136E+05  4.0414980E+00  1.250E+11  1.250E+11  1.250E+11  1.250E+11  0.0000000E+00    2.0070322  -10.000  -10.000  -10.000  -10.000   -9.9999000
 2.33401E+05  4.0406730E+00  1.250E+11  1.250E+11  1.250E+11  1.250E+11  0.0000000E+00    2.0069435  -10.000  -10.000  -10.000  -10.000   -9.9999000
 2.38837E+05  4.0422244E+00  1.250E+11  1.250E+11  1.250E+11  1.250E+11  0.0000000E+00    2.0071102  -10.000  -10.000  -10.000  -10.000   -9.9999000
 2.44401E+05  4.0433206E+00  1.250E+11  1.250E+11  1.250E+11  1.250E+11  0.0000000E+00    2.0072280  -10.000  -10.000  -10.000  -10.000   -9.9999000
 2.50095E+05  4.0444288E+00  1.250E+11  1.250E+11  1.250E+11  1.250E+11  0.0000000E+00    2.0073470  -10.000  -10.000  -10.000  -10.000   -9.9999000
 2.55921E+05  4.0446239E+00  1.250E+11  1.250E+11  1.250E+11  1.250E+11  0.0000000E+00    2.0073680  -10.000  -10.000  -10.000  -10.000   -9.9999000
 2.61883E+05  4.0440566E+00  1.250E+11  1.250E+11  1.250E+11  1.250E+11  0.0000000E+00    2.0073070  -10.000  -10.000  -10.000  -10.000   -9.9999000
 2.68006E+05  4.0475998E+00  1.250E+11  1.250E+11  1.250E+11  1.250E+11  0.0000000E+00    2.0076874  -10.000  -10.000  -10.000  -10.000   -9.9999000
 2.74292E+05  4.0475055E+00  1.250E+11  1.250E+11  1.250E+11  1.250E+11  0.0000000E+00    2.0076773  -10.000  -10.000  -10.000  -10.000   -9.9999000
 2.80614E+05  4.0480881E+00  1.250E+11  1.250E+11  1.250E+11  1.250E+11  0.0000000E+00    2.0077398  -10.000  -10.000  -10.000  -10.000   -9.9999000
 2.87191E+05  4.0465798E+00  1.250E+11  1.250E+11  1.250E+11  1.250E+11  0.0000000E+00    2.0075779  -10.000  -10.000  -10.000  -10.000   -9.9999000
 2.93840E+05  4.0501711E+00  1.250E+11  1.250E+11  1.250E+11  1.250E+11  0.0000000E+00    2.0079632  -10.000  -10.000  -10.000  -10.000   -9.9999000
 3.00685E+05  4.0508318E+00  1.250E+11  1.250E+11  1.250E+11  1.250E+11  0.0000000E+00    2.0080340  -10.000  -10.000  -10.000  -10.000   -9.9999000
 3.07690E+05  4.0504013E+00  1.250E+11  1.250E+11  1.250E+11  1.250E+11  0.0000000E+00    2.0079879  -10.000  -10.000  -10.000  -10.000   -9.9999000
 3.14858E+05  4.0522251E+00  1.250E+11  1.250E+11  1.250E+11  1.250E+11  0.0000000E+00    2.0081834  -10.000  -10.000  -10.000  -10.000   -9.9999000
 3.22192E+05  4.0531843E+00  1.250E+11  1.250E+11  1.250E+11  1.250E+11  0.0000000E+00    2.0082862  -10.000  -10.000  -10.000  -10.000   -9.9999000
 3.29698E+05  4.0548218E+00  1.250E+11  1.250E+11  1.250E+11  1.250E+11  0.0000000E+00    2.0084616  -10.000  -10.000  -10.000  -10.000   -9.9999000
 3.37378E+05  4.0544880E+00  1.250E+11  1.250E+11  1.250E+11  1.250E+11  0.0000000E+00    2.0084258  -10.000  -10.000  -10.000  -10.000   -9.9999000
 3.45237E+05  4.0562543E+00  1.250E+11  1.250E+11  1.250E+11  1.250E+11  0.0000000E+00    2.0086150  -10.000  -10.000  -10.000  -10.000   -9.9999000
 3.53279E+05  4.0564632E+00  1.250E+11  1.250E+11  1.250E+11  1.250E+11  0.0000000E+00    2.0086374  -10.000  -10.000  -10.000  -10.000   -9.9999000
 3.61509E+05  4.0559708E+00  1.250E+11  1.250E+11  1.250E+11  1.250E+11  0.0000000E+00    2.0085846  -10.000  -10.000  -10.000  -10.000   -9.9999000
 3.69930E+05  4.0581545E+00  1.250E+11  1.250E+11  1.250E+11  1.250E+11  0.0000000E+00    2.0088184  -10.000  -10.000  -10.000  -10.000   -9.9999000
 3.78625E+05  4.0600766E+00  1.250E+11  1.250E+11  1.250E+11  1.250E+11  0.0000000E+00    2.0090240  -10.000  -10.000  -10.000  -10.000   -9.9999000
 3.87434E+05  4.0578307E+00  1.250E+11  1.250E+11  1.250E+11  1.250E+11  0.0000000E+00    2.0087837  -10.000  -10.000  -10.000  -10.000   -9.9999000
 3.96389E+05  4.0599969E+00  1.250E+11  1.250E+11  1.250E+11  1.250E+11  0.0000000E+00    2.0090155  -10.000  -10.000  -10.000  -10.000   -9.9999000
 4.05623E+05  4.0627807E+00  1.250E+11  1.250E+11  1.250E+11  1.250E+11  0.0000000E+00    2.0093132  -10.000  -10.000  -10.000  -10.000   -9.9999000
 4.15095E+05  4.0620258E+00  1.250E+11  1.250E+11  1.250E+11  1.250E+11  0.0000000E+00    2.0092325  -10.000  -10.000  -10.000  -10.000   -9.9999000
 4.24741E+05  4.0616201E+00  1.250E+11  1.250E+11  1.250E+11  1.250E+11  0.0000000E+00    2.0091891  -10.000  -10.000  -10.000  -10.000   -9.9999000
 4.34635E+05  4.0634233E+00  1.250E+11  1.250E+11  1.250E+11  1.250E+11  0.0000000E+00    2.0093819  -10.000  -10.000  -10.000  -10.000   -9.9999000
 4.44759E+05  4.0647114E+00  1.250E+11  1.250E+11  1.250E+11  1.250E+11  0.0000000E+00    2.0095195  -10.000  -10.000  -10.000  -10.000   -9.9999000
 4.55120E+05  4.0656347E+00  1.250E+11  1.250E+11  1.250E+11  1.250E+11  0.0000000E+00    2.0096182  -10.000  -10.000  -10.000  -10.000   -9.9999000
 4.65721E+05  4.0660844E+00  1.250E+11  1.250E+11  1.250E+11  1.250E+11  0.0000000E+00    2.0096662  -10.000  -10.000  -10.000  -10.000   -9.9999000
 4.76634E+05  4.0665170E+00  1.250E+11  1.250E+11  1.250E+11  1.250E+11  0.0000000E+00    2.0097124  -10.000  -10.000  -10.000  -10.000   -9.9999000
 4.87685E+05  4.0681443E+00  1.250E+11  1.250E+11  1.250E+11  1.250E+11  0.0000000E+00    2.0098862  -10.000  -10.000  -10.000  -10.000   -9.9999000
 4.99054E+05  4.0701078E+00  1.250E+11  1.250E+11  1.250E+11  1.250E+11  0.0000000E+00    2.0100957  -10.000  -10.000  -10.000  -10.000   -9.9999000
 5.10656E+05  4.0700151E+00  1.250E+11  1.250E+11  1.250E+11  1.250E+11  0.0000000E+00    2.0100858  -10.000  -10.000  -10.000  -10.000   -9.9999000
 5.22551E+05  4.0700952E+00  1.250E+11  1.250E+11  1.250E+11  1.250E+11  0.0000000E+00    2.0100944  -10.000  -10.000  -10.000  -10.000   -9.9999000
 5.34724E+05  4.0707980E+00  1.250E+11  1.250E+11  1.250E+11  1.250E+11  0.0000000E+00    2.0101694  -10.000  -10.000  -10.000  -10.000   -9.9999000
 5.47180E+05  4.0731896E+00  1.250E+11  1.250E+11  1.250E+11  1.250E+11  0.0000000E+00    2.0104244  -10.000  -10.000  -10.000  -10.000   -9.9999000
 5.59974E+05  4.0739497E+00  1.250E+11  1.250E+11  1.250E+11  1.250E+11  0.0000000E+00    2.0105055  -10.000  -10.000  -10.000  -10.000   -9.9999000
 5.72969E+05  4.0735212E+00  1.250E+11  1.250E+11  1.250E+11  1.250E+11  0.0000000E+00    2.0104598  -10.000  -10.000  -10.000  -10.000   -9.9999000
 5.86316E+05  4.0763319E+00  1.250E+11  1.250E+11  1.250E+11  1.250E+11  0.0000000E+00    2.0107594  -10.000  -10.000  -10.000  -10.000   -9.9999000
 5.99973E+05  4.0763891E+00  1.250E+11  1.250E+11  1.250E+11  1.250E+11  0.0000000E+00    2.0107654  -10.000  -10.000  -10.000  -10.000   -9.9999000
 6.13949E+05  4.0767626E+00  1.250E+11  1.250E+11  1.250E+11  1.250E+11  0.0000000E+00    2.0108052  -10.000  -10.000  -10.000  -10.000   -9.9999000
 6.28250E+05  4.0776575E+00  1.250E+11  1.250E+11  1.250E+11  1.250E+11  0.0000000E+00    2.0109006  -10.000  -10.000  -10.000  -10.000   -9.9999000
 6.42885E+05  4.0788305E+00  1.250E+11  1.250E+11  1.250E+11  1.250E+11  0.0000000E+00    2.0110255  -10.000  -10.000  -10.000  -10.000   -9.9999000
 6.57921E+05  4.0802586E+00  1.250E+11  1.250E+11  1.250E+11  1.250E+11  0.0000000E+00    2.0111775  -10.000  -10.000  -10.000  -10.000   -9.9999000
 6.73184E+05  4.0803148E+00  1.250E+11  1.250E+11  1.250E+11  1.250E+11  0.0000000E+00    2.0111835  -10.000  -10.000  -10.000  -10.000   -9.9999000
 6.88865E+05  4.0812048E+00  1.250E+11  1.250E+11  1.250E+11  1.250E+11  0.0000000E+00    2.0112782  -10.000  -10.000  -10.000  -10.000   -9.9999000
 7.04912E+05  4.0805187E+00  1.250E+11  1.250E+11  1.250E+11  1.250E+11  0.0000000E+00    2.0112052  -10.000  -10.000  -10.000  -10.000   -9.9999000
 7.21332E+05  4.0838463E+00  1.250E+11  1.250E+11  1.250E+11  1.250E+11  0.0000000E+00    2.0115592  -10.000  -10.000  -10.000  -10.000   -9.9999000
 7.38134E+05  4.0835113E+00  1.250E+11  1.250E+11  1.250E+11  1.250E+11  0.0000000E+00    2.0115236  -10.000  -10.000  -10.000  -10.000   -9.9999000
 7.55328E+05  4.0861722E+00  1.250E+11  1.250E+11  1.250E+11  1.250E+11  0.0000000E+00    2.0118065  -10.000  -10.000  -10.000  -10.000   -9.9999000
 7.72923E+05  4.0852557E+00  1.250E+11  1.250E+11  1.250E+11  1.250E+11  0.0000000E+00    2.0117091  -10.000  -10.000  -10.000  -10.000   -9.9999000
 7.90979E+05  4.0866016E+00  1.250E+11  1.250E+11  1.250E+11  1.250E+11  0.0000000E+00    2.0118521  -10.000  -10.000  -10.000  -10.000   -9.9999000
 8.09373E+05  4.0892702E+00  1.250E+11  1.250E+11  1.250E+11  1.250E+11  0.0000000E+00    2.0121356  -10.000  -10.000  -10.000  -10.000   -9.9999000
 8.28204E+05  4.0896307E+00  1.250E+11  1.250E+11  1.250E+11  1.250E+11  0.0000000E+00    2.0121739  -10.000  -10.000  -10.000  -10.000   -9.9999000
 8.47496E+05  4.0903381E+00  1.250E+11  1.250E+11  1.250E+11  1.250E+11  0.0000000E+00    2.0122490  -10.000  -10.000  -10.000  -10.000   -9.9999000
 8.67278E+05  4.0892347E+00  1.250E+11  1.250E+11  1.250E+11  1.250E+11  0.0000000E+00    2.0121319  -10.000  -10.000  -10.000  -10.000   -9.9999000
 8.87496E+05  4.0916722E+00  1.250E+11  1.250E+11  1.250E+11  1.250E+11  0.0000000E+00    2.0123906  -10.000  -10.000  -10.000  -10.000   -9.9999000
 9.08121E+05  4.0922704E+00  1.250E+11  1.250E+11  1.250E+11  1.250E+11  0.0000000E+00    2.0124541  -10.000  -10.000  -10.000  -10.000   -9.9999000
 9.29263E+05  4.0934660E+00  1.250E+11  1.250E+11  1.250E+11  1.250E+11  0.0000000E+00    2.0125810  -10.000  -10.000  -10.000  -10.000   -9.9999000
 9.50909E+05  4.0937419E+00  1.250E+11  1.250E+11  1.250E+11  1.250E+11  0.0000000E+00    2.0126103  -10.000  -10.000  -10.000  -10.000   -9.9999000
 9.73059E+05  4.0945599E+00  1.250E+11  1.250E+11  1.250E+11  1.250E+11  0.0000000E+00    2.0126970  -10.000  -10.000  -10.000  -10.000   -9.9999000
 9.95799E+05  4.0973538E+00  1.250E+11  1.250E+11  1.250E+11  1.250E+11  0.0000000E+00    2.0129933  -10.000  -10.000  -10.000  -10.000   -9.9999000
 1.01892E+06  4.0980784E+00  1.250E+11  1.250E+11  1.250E+11  1.250E+11  0.0000000E+00    2.0130701  -10.000  -10.000  -10.000  -10.000   -9.9999000
 1.04265E+06  4.0990761E+00  1.250E+11  1.250E+11  1.250E+11  1.250E+11  0.0000000E+00    2.0131758  -10.000  -10.000  -10.000  -10.000   -9.9999000
 1.06698E+06  4.0992001E+00  1.250E+11  1.250E+11  1.250E+11  1.250E+11  0.0000000E+00    2.0131889  -10.000  -10.000  -10.000  -10.000   -9.9999000
 1.09181E+06  4.1021817E+00  1.250E+11  1.250E+11  1.250E+11  1.250E+11  0.0000000E+00    2.0135047  -10.000  -10.000  -10.000  -10.000   -9.9999000
 1.11723E+06  4.1019284E+00  1.250E+11  1.250E+11  1.250E+11  1.250E+11  0.0000000E+00    2.0134779  -10.000  -10.000  -10.000  -10.000   -9.9999000
 1.14325E+06  4.1026782E+00  1.250E+11  1.250E+11  1.250E+11  1.250E+11  0.0000000E+00    2.0135573  -10.000  -10.000  -10.000  -10.000   -9.9999000
 1.16988E+06  4.1043315E+00  1.250E+11  1.250E+11  1.250E+11  1.250E+11  0.0000000E+00    2.0137322  -10.000  -10.000  -10.000  -10.000   -9.9999000
 1.19713E+06  4.1066229E+00  1.250E+11  1.250E+11  1.250E+11  1.250E+11  0.0000000E+00    2.0139746  -10.000  -10.000  -10.000  -10.000   -9.9999000
 1.22502E+06  4.1070153E+00  1.250E+11  1.250E+11  1.250E+11  1.250E+11  0.0000000E+00    2.0140161  -10.000  -10.000  -10.000  -10.000   -9.9999000
 1.25359E+06  4.1056289E+00  1.250E+11  1.250E+11  1.250E+11  1.250E+11  0.0000000E+00    2.0138695  -10.000  -10.000  -10.000  -10.000   -9.9999000
 1.28275E+06  4.1077303E+00  1.250E+11  1.250E+11  1.250E+11  1.250E+11  0.0000000E+00    2.0140917  -10.000  -10.000  -10.000  -10.000   -9.9999000
 1.31263E+06  4.1083752E+00  1.250E+11  1.250E+11  1.250E+11  1.250E+11  0.0000000E+00    2.0141599  -10.000  -10.000  -10.000  -10.000   -9.9999000
 1.34321E+06  4.1118864E+00  1.250E+11  1.250E+11  1.250E+11  1.250E+11  0.0000000E+00    2.0145309  -10.000  -10.000  -10.000  -10.000   -9.9999000
 1.37449E+06  4.1105746E+00  1.250E+11  1.250E+11  1.250E+11  1.250E+11  0.0000000E+00    2.0143924  -10.000  -10.000  -10.000  -10.000   -9.9999000
 1.40651E+06  4.1122321E+00  1.250E+11  1.250E+11  1.250E+11  1.250E+11  0.0000000E+00    2.0145674  -10.000  -10.000  -10.000  -10.000   -9.9999000
 1.43927E+06  4.1131836E+00  1.250E+11  1.250E+11  1.250E+11  1.250E+11  0.0000000E+00    2.0146679  -10.000  -10.000  -10.000  -10.000   -9.9999000
 1.47280E+06  4.1144054E+00  1.250E+11  1.250E+11  1.250E+11  1.250E+11  0.0000000E+00    2.0147969  -10.000  -10.000  -10.000  -10.000   -9.9999000
 1.50711E+06  4.1150882E+00  1.250E+11  1.250E+11  1.250E+11  1.250E+11  0.0000000E+00    2.0148690  -10.000  -10.000  -10.000  -10.000   -9.9999000
 1.54221E+06  4.1177369E+00  1.250E+11  1.250E+11  1.250E+11  1.250E+11  0.0000000E+00    2.0151484  -10.000  -10.000  -10.000  -10.000   -9.9999000
 1.57813E+06  4.1184762E+00  1.250E+11  1.250E+11  1.250E+11  1.250E+11  0.0000000E+00    2.0152264  -10.000  -10.000  -10.000  -10.000   -9.9999000
 1.61490E+06  4.1183231E+00  1.250E+11  1.250E+11  1.250E+11  1.250E+11  0.0000000E+00    2.0152102  -10.000  -10.000  -10.000  -10.000   -9.9999000
 1.65253E+06  4.1184243E+00  1.250E+11  1.250E+11  1.250E+11  1.250E+11  0.0000000E+00    2.0152209  -10.000  -10.000  -10.000  -10.000   -9.9999000
 1.69100E+06  4.1213841E+00  1.250E+11  1.250E+11  1.250E+11  1.250E+11  0.0000000E+00    2.0155329  -10.000  -10.000  -10.000  -10.000   -9.9999000
 1.73039E+06  4.1230797E+00  1.250E+11  1.250E+11  1.250E+11  1.250E+11  0.0000000E+00    2.0157115  -10.000  -10.000  -10.000  -10.000   -9.9999000
 1.77071E+06  4.1233134E+00  1.250E+11  1.250E+11  1.250E+11  1.250E+11  0.0000000E+00    2.0157362  -10.000  -10.000  -10.000  -10.000   -9.9999000
 1.81194E+06  4.1247072E+00  1.250E+11  1.250E+11  1.250E+11  1.250E+11  0.0000000E+00    2.0158829  -10.000  -10.000  -10.000  -10.000   -9.9999000
 1.85422E+06  4.1251269E+00  1.250E+11  1.250E+11  1.250E+11  1.250E+11  0.0000000E+00    2.0159271  -10.000  -10.000  -10.000  -10.000   -9.9999000
 1.89734E+06  4.1289962E+00  1.250E+11  1.250E+11  1.250E+11  1.250E+11  0.0000000E+00    2.0163343  -10.000  -10.000  -10.000  -10.000   -9.9999000
 1.94158E+06  4.1295794E+00  1.250E+11  1.250E+11  1.250E+11  1.250E+11  0.0000000E+00    2.0163956  -10.000  -10.000  -10.000  -10.000   -9.9999000
 1.98676E+06  4.1287958E+00  1.250E+11  1.250E+11  1.250E+11  1.250E+11  0.0000000E+00    2.0163132  -10.000  -10.000  -10.000  -10.000   -9.9999000
 2.03304E+06  4.1291855E+00  1.250E+11  1.250E+11  1.250E+11  1.250E+11  0.0000000E+00    2.0163542  -10.000  -10.000  -10.000  -10.000   -9.9999000
 2.08039E+06  4.1322975E+00  1.250E+11  1.250E+11  1.250E+11  1.250E+11  0.0000000E+00    2.0166814  -10.000  -10.000  -10.000  -10.000   -9.9999000
 2.12885E+06  4.1349761E+00  1.250E+11  1.250E+11  1.250E+11  1.250E+11  0.0000000E+00    2.0169628  -10.000  -10.000  -10.000  -10.000   -9.9999000
 2.17844E+06  4.1353361E+00  1.250E+11  1.250E+11  1.250E+11  1.250E+11  0.0000000E+00    2.0170006  -10.000  -10.000  -10.000  -10.000   -9.9999000
 2.22918E+06  4.1341432E+00  1.250E+11  1.250E+11  1.250E+11  1.250E+11  0.0000000E+00    2.0168753  -10.000  -10.000  -10.000  -10.000   -9.9999000
 2.28117E+06  4.1377701E+00  1.250E+11  1.250E+11  1.250E+11  1.250E+11  0.0000000E+00    2.0172562  -10.000  -10.000  -10.000  -10.000   -9.9999000
 2.33424E+06  4.1391835E+00  1.250E+11  1.250E+11  1.250E+11  1.250E+11  0.0000000E+00    2.0174045  -10.000  -10.000  -10.000  -10.000   -9.9999000
 2.38862E+06  4.1396764E+00  1.250E+11  1.250E+11  1.250E+11  1.250E+11  0.0000000E+00    2.0174562  -10.000  -10.000  -10.000  -10.000   -9.9999000
 2.44426E+06  4.1403821E+00  1.250E+11  1.250E+11  1.250E+11  1.250E+11  0.0000000E+00    2.0175302  -10.000  -10.000  -10.000  -10.000   -9.9999000
 2.50119E+06  4.1411882E+00  1.250E+11  1.250E+11  1.250E+11  1.250E+11  0.0000000E+00    2.0176148  -10.000  -10.000  -10.000  -10.000   -9.9999000
 2.55945E+06  4.1441445E+00  1.250E+11  1.250E+11  1.250E+11  1.250E+11  0.0000000E+00    2.0179247  -10.000  -10.000  -10.000  -10.000   -9.9999000
 2.61907E+06  4.1438028E+00  1.250E+11  1.250E+11  1.250E+11  1.250E+11  0.0000000E+00    2.0178889  -10.000  -10.000  -10.000  -10.000   -9.9999000
 2.68007E+06  4.1441028E+00  1.250E+11  1.250E+11  1.250E+11  1.250E+11  0.0000000E+00    2.0179203  -10.000  -10.000  -10.000  -10.000   -9.9999000
 2.74250E+06  4.1475238E+00  1.250E+11  1.250E+11  1.250E+11  1.250E+11  0.0000000E+00    2.0182787  -10.000  -10.000  -10.000  -10.000   -9.9999000
 2.80638E+06  4.1497666E+00  1.250E+11  1.250E+11  1.250E+11  1.250E+11  0.0000000E+00    2.0185135  -10.000  -10.000  -10.000  -10.000   -9.9999000
 2.87175E+06  4.1510209E+00  1.250E+11  1.250E+11  1.250E+11  1.250E+11  0.0000000E+00    2.0186447  -10.000  -10.000  -10.000  -10.000   -9.9999000
 2.93865E+06  4.1503081E+00  1.250E+11  1.250E+11  1.250E+11  1.250E+11  0.0000000E+00    2.0185702  -10.000  -10.000  -10.000  -10.000   -9.9999000
 3.00717E+06  4.1523135E+00  1.250E+11  1.250E+11  1.250E+11  1.250E+11  0.0000000E+00    2.0187800  -10.000  -10.000  -10.000  -10.000   -9.9999000
 3.07714E+06  4.1548855E+00  1.250E+11  1.250E+11  1.250E+11  1.250E+11  0.0000000E+00    2.0190489  -10.000  -10.000  -10.000  -10.000   -9.9999000
 3.14882E+06  4.1561851E+00  1.250E+11  1.250E+11  1.250E+11  1.250E+11  0.0000000E+00    2.0191847  -10.000  -10.000  -10.000  -10.000   -9.9999000
 3.22216E+06  4.1561567E+00  1.250E+11  1.250E+11  1.250E+11  1.250E+11  0.0000000E+00    2.0191817  -10.000  -10.000  -10.000  -10.000   -9.9999000
 3.29722E+06  4.1575128E+00  1.250E+11  1.250E+11  1.250E+11  1.250E+11  0.0000000E+00    2.0193234  -10.000  -10.000  -10.000  -10.000   -9.9999000
 3.37402E+06  4.1607824E+00  1.250E+11  1.250E+11  1.250E+11  1.250E+11  0.0000000E+00    2.0196648  -10.000  -10.000  -10.000  -10.000   -9.9999000
 3.45267E+06  4.1629283E+00  1.250E+11  1.250E+11  1.250E+11  1.250E+11  0.0000000E+00    2.0198887  -10.000  -10.000  -10.000  -10.000   -9.9999000
 3.53304E+06  4.1623798E+00  1.250E+11  1.250E+11  1.250E+11  1.250E+11  0.0000000E+00    2.0198315  -10.000  -10.000  -10.000  -10.000   -9.9999000
 3.61540E+06  4.1645555E+00  1.250E+11  1.250E+11  1.250E+11  1.250E+11  0.0000000E+00    2.0200585  -10.000  -10.000  -10.000  -10.000   -9.9999000
 3.69960E+06  4.1665810E+00  1.250E+11  1.250E+11  1.250E+11  1.250E+11  0.0000000E+00    2.0202696  -10.000  -10.000  -10.000  -10.000   -9.9999000
 3.78572E+06  4.1674024E+00  1.250E+11  1.250E+11  1.250E+11  1.250E+11  0.0000000E+00    2.0203553  -10.000  -10.000  -10.000  -10.000   -9.9999000
 3.87390E+06  4.1670056E+00  1.250E+11  1.250E+11  1.250E+11  1.250E+11  0.0000000E+00    2.0203139  -10.000  -10.000  -10.000  -10.000   -9.9999000
 3.96413E+06  4.1708013E+00  1.250E+11  1.250E+11  1.250E+11  1.250E+11  0.0000000E+00    2.0207093  -10.000  -10.000  -10.000  -10.000   -9.9999000
 4.05647E+06  4.1710665E+00  1.250E+11  1.250E+11  1.250E+11  1.250E+11  0.0000000E+00    2.0207369  -10.000  -10.000  -10.000  -10.000   -9.9999000
 4.15096E+06  4.1728781E+00  1.250E+11  1.250E+11  1.250E+11  1.250E+11  0.0000000E+00    2.0209255  -10.000  -10.000  -10.000  -10.000   -9.9999000
 4.24765E+06  4.1739098E+00  1.250E+11  1.250E+11  1.250E+11  1.250E+11  0.0000000E+00    2.0210329  -10.000  -10.000  -10.000  -10.000   -9.9999000
 4.34659E+06  4.1779453E+00  1.250E+11  1.250E+11  1.250E+11  1.250E+11  0.0000000E+00    2.0214526  -10.000  -10.000  -10.000  -10.000   -9.9999000
 4.44783E+06  4.1775812E+00  1.250E+11  1.250E+11  1.250E+11  1.250E+11  0.0000000E+00    2.0214147  -10.000  -10.000  -10.000  -10.000   -9.9999000
 4.55144E+06  4.1800297E+00  1.250E+11  1.250E+11  1.250E+11  1.250E+11  0.0000000E+00    2.0216692  -10.000  -10.000  -10.000  -10.000   -9.9999000
 4.65746E+06  4.1814362E+00  1.250E+11  1.250E+11  1.250E+11  1.250E+11  0.0000000E+00    2.0218153  -10.000  -10.000  -10.000  -10.000   -9.9999000
 4.76594E+06  4.1833467E+00  1.250E+11  1.250E+11  1.250E+11  1.250E+11  0.0000000E+00    2.0220137  -10.000  -10.000  -10.000  -10.000   -9.9999000
 4.87696E+06  4.1841576E+00  1.250E+11  1.250E+11  1.250E+11  1.250E+11  0.0000000E+00    2.0220979  -10.000  -10.000  -10.000  -10.000   -9.9999000
 4.99056E+06  4.1862417E+00  1.250E+11  1.250E+11  1.250E+11  1.250E+11  0.0000000E+00    2.0223141  -10.000  -10.000  -10.000  -10.000   -9.9999000
 5.10680E+06  4.1878127E+00  1.250E+11  1.250E+11  1.250E+11  1.250E+11  0.0000000E+00    2.0224771  -10.000  -10.000  -10.000  -10.000   -9.9999000
 5.22575E+06  4.1897406E+00  1.250E+11  1.250E+11  1.250E+11  1.250E+11  0.0000000E+00    2.0226770  -10.000  -10.000  -10.000  -10.000   -9.9999000
 5.34748E+06  4.1912746E+00  1.250E+11  1.250E+11  1.250E+11  1.250E+11  0.0000000E+00    2.0228359  -10.000  -10.000  -10.000  -10.000   -9.9999000
 5.47204E+06  4.1935190E+00  1.250E+11  1.250E+11  1.250E+11  1.250E+11  0.0000000E+00    2.0230684  -10.000  -10.000  -10.000  -10.000   -9.9999000
 5.59957E+06  4.1949299E+00  1.250E+11  1.250E+11  1.250E+11  1.250E+11  0.0000000E+00    2.0232145  -10.000  -10.000  -10.000  -10.000   -9.9999000
 5.72993E+06  4.1950754E+00  1.250E+11  1.250E+11  1.250E+11  1.250E+11  0.0000000E+00    2.0232296  -10.000  -10.000  -10.000  -10.000   -9.9999000
 5.86340E+06  4.1988226E+00  1.250E+11  1.250E+11  1.250E+11  1.250E+11  0.0000000E+00    2.0236173  -10.000  -10.000  -10.000  -10.000   -9.9999000
 5.92447E+06  4.1995284E+00  1.250E+11  1.250E+11  1.250E+11  1.250E+11  0.0000000E+00    2.0236903  -10.000  -10.000  -10.000  -10.000   -9.9999000
 5.99997E+06  4.2023291E+00  1.250E+11  1.250E+11  1.250E+11  1.250E+11  0.0000000E+00    2.0239799  -10.000  -10.000  -10.000  -10.000   -9.9999000
 6.13973E+06  4.2053179E+00  1.250E+11  1.250E+11  1.250E+11  1.250E+11  0.0000000E+00    2.0242886  -10.000  -10.000  -10.000  -10.000   -9.9999000
 6.28274E+06  4.2056534E+00  1.250E+11  1.250E+11  1.250E+11  1.250E+11  0.0000000E+00    2.0243233  -10.000  -10.000  -10.000  -10.000   -9.9999000
 6.42909E+06  4.2080015E+00  1.250E+11  1.250E+11  1.250E+11  1.250E+11  0.0000000E+00    2.0245657  -10.000  -10.000  -10.000  -10.000   -9.9999000
 6.57884E+06  4.2099592E+00  1.250E+11  1.250E+11  1.250E+11  1.250E+11  0.0000000E+00    2.0247677  -10.000  -10.000  -10.000  -10.000   -9.9999000
 6.73208E+06  4.2153108E+00  1.250E+11  1.250E+11  1.250E+11  1.250E+11  0.0000000E+00    2.0253194  -10.000  -10.000  -10.000  -10.000   -9.9999000
 6.88891E+06  4.2139824E+00  1.250E+11  1.250E+11  1.250E+11  1.250E+11  0.0000000E+00    2.0251825  -10.000  -10.000  -10.000  -10.000   -9.9999000
 7.04936E+06  4.2152467E+00  1.250E+11  1.250E+11  1.250E+11  1.250E+11  0.0000000E+00    2.0253128  -10.000  -10.000  -10.000  -10.000   -9.9999000
 7.21357E+06  4.2177421E+00  1.250E+11  1.250E+11  1.250E+11  1.250E+11  0.0000000E+00    2.0255698  -10.000  -10.000  -10.000  -10.000   -9.9999000
 7.38159E+06  4.2214580E+00  1.250E+11  1.250E+11  1.250E+11  1.250E+11  0.0000000E+00    2.0259523  -10.000  -10.000  -10.000  -10.000   -9.9999000
 7.55353E+06  4.2200926E+00  1.250E+11  1.250E+11  1.250E+11  1.250E+11  0.0000000E+00    2.0258118  -10.000  -10.000  -10.000  -10.000   -9.9999000
 7.72947E+06  4.2225747E+00  1.250E+11  1.250E+11  1.250E+11  1.250E+11  0.0000000E+00    2.0260672  -10.000  -10.000  -10.000  -10.000   -9.9999000
 7.90951E+06  4.2241388E+00  1.250E+11  1.250E+11  1.250E+11  1.250E+11  0.0000000E+00    2.0262280  -10.000  -10.000  -10.000  -10.000   -9.9999000
 8.09375E+06  4.2274818E+00  1.250E+11  1.250E+11  1.250E+11  1.250E+11  0.0000000E+00    2.0265716  -10.000  -10.000  -10.000  -10.000   -9.9999000
 8.28228E+06  4.2266078E+00  1.250E+11  1.250E+11  1.250E+11  1.250E+11  0.0000000E+00    2.0264818  -10.000  -10.000  -10.000  -10.000   -9.9999000
 8.47520E+06  4.2320719E+00  1.250E+11  1.250E+11  1.250E+11  1.250E+11  0.0000000E+00    2.0270429  -10.000  -10.000  -10.000  -10.000   -9.9999000
 8.67262E+06  4.2343969E+00  1.250E+11  1.250E+11  1.250E+11  1.250E+11  0.0000000E+00    2.0272814  -10.000  -10.000  -10.000  -10.000   -9.9999000
 8.87462E+06  4.2374775E+00  1.250E+11  1.250E+11  1.250E+11  1.250E+11  0.0000000E+00    2.0275972  -10.000  -10.000  -10.000  -10.000   -9.9999000
 9.08134E+06  4.2372397E+00  1.250E+11  1.250E+11  1.250E+11  1.250E+11  0.0000000E+00    2.0275728  -10.000  -10.000  -10.000  -10.000   -9.9999000
 9.29287E+06  4.2410026E+00  1.250E+11  1.250E+11  1.250E+11  1.250E+11  0.0000000E+00    2.0279584  -10.000  -10.000  -10.000  -10.000   -9.9999000
 9.50933E+06  4.2435172E+00  1.250E+11  1.250E+11  1.250E+11  1.250E+11  0.0000000E+00    2.0282158  -10.000  -10.000  -10.000  -10.000   -9.9999000
 9.73083E+06  4.2461939E+00  1.250E+11  1.250E+11  1.250E+11  1.250E+11  0.0000000E+00    2.0284896  -10.000  -10.000  -10.000  -10.000   -9.9999000
 9.95749E+06  4.2457570E+00  1.250E+11  1.250E+11  1.250E+11  1.250E+11  0.0000000E+00    2.0284449  -10.000  -10.000  -10.000  -10.000   -9.9999000
 1.01894E+07  4.2497434E+00  1.250E+11  1.250E+11  1.250E+11  1.250E+11  0.0000000E+00    2.0288525  -10.000  -10.000  -10.000  -10.000   -9.9999000
 1.04268E+07  4.2500815E+00  1.250E+11  1.250E+11  1.250E+11  1.250E+11  0.0000000E+00    2.0288871  -10.000  -10.000  -10.000  -10.000   -9.9999000
 1.06697E+07  4.2521640E+00  1.250E+11  1.250E+11  1.250E+11  1.250E+11  0.0000000E+00    2.0290998  -10.000  -10.000  -10.000  -10.000   -9.9999000
 1.09182E+07  4.2529082E+00  1.250E+11  1.250E+11  1.250E+11  1.250E+11  0.0000000E+00    2.0291758  -10.000  -10.000  -10.000  -10.000   -9.9999000
 1.11725E+07  4.2587925E+00  1.250E+11  1.250E+11  1.250E+11  1.250E+11  0.0000000E+00    2.0297763  -10.000  -10.000  -10.000  -10.000   -9.9999000
 1.14327E+07  4.2589314E+00  1.250E+11  1.250E+11  1.250E+11  1.250E+11  0.0000000E+00    2.0297905  -10.000  -10.000  -10.000  -10.000   -9.9999000
 1.16990E+07  4.2627681E+00  1.250E+11  1.250E+11  1.250E+11  1.250E+11  0.0000000E+00    2.0301815  -10.000  -10.000  -10.000  -10.000   -9.9999000
 1.19715E+07  4.2634277E+00  1.250E+11  1.250E+11  1.250E+11  1.250E+11  0.0000000E+00    2.0302487  -10.000  -10.000  -10.000  -10.000   -9.9999000
 1.22504E+07  4.2675018E+00  1.250E+11  1.250E+11  1.250E+11  1.250E+11  0.0000000E+00    2.0306635  -10.000  -10.000  -10.000  -10.000   -9.9999000
 1.25358E+07  4.2684312E+00  1.250E+11  1.250E+11  1.250E+11  1.250E+11  0.0000000E+00    2.0307581  -10.000  -10.000  -10.000  -10.000   -9.9999000
 1.28278E+07  4.2711978E+00  1.250E+11  1.250E+11  1.250E+11  1.250E+11  0.0000000E+00    2.0310395  -10.000  -10.000  -10.000  -10.000   -9.9999000
 1.31265E+07  4.2756327E+00  1.250E+11  1.250E+11  1.250E+11  1.250E+11  0.0000000E+00    2.0314902  -10.000  -10.000  -10.000  -10.000   -9.9999000
 1.34323E+07  4.2775586E+00  1.250E+11  1.250E+11  1.250E+11  1.250E+11  0.0000000E+00    2.0316858  -10.000  -10.000  -10.000  -10.000   -9.9999000
 1.37452E+07  4.2804740E+00  1.250E+11  1.250E+11  1.250E+11  1.250E+11  0.0000000E+00    2.0319817  -10.000  -10.000  -10.000  -10.000   -9.9999000
 1.40653E+07  4.2820497E+00  1.250E+11  1.250E+11  1.250E+11  1.250E+11  0.0000000E+00    2.0321415  -10.000  -10.000  -10.000  -10.000   -9.9999000
 1.43930E+07  4.2849764E+00  1.250E+11  1.250E+11  1.250E+11  1.250E+11  0.0000000E+00    2.0324382  -10.000  -10.000  -10.000  -10.000   -9.9999000
 1.47282E+07  4.2893832E+00  1.250E+11  1.250E+11  1.250E+11  1.250E+11  0.0000000E+00    2.0328847  -10.000  -10.000  -10.000  -10.000   -9.9999000
 1.50713E+07  4.2894013E+00  1.250E+11  1.250E+11  1.250E+11  1.250E+11  0.0000000E+00    2.0328865  -10.000  -10.000  -10.000  -10.000   -9.9999000
 1.54224E+07  4.2906797E+00  1.250E+11  1.250E+11  1.250E+11  1.250E+11  0.0000000E+00    2.0330159  -10.000  -10.000  -10.000  -10.000   -9.9999000
 1.57816E+07  4.2912111E+00  1.250E+11  1.250E+11  1.250E+11  1.250E+11  0.0000000E+00    2.0330697  -10.000  -10.000  -10.000  -10.000   -9.9999000
 1.61492E+07  4.2940404E+00  1.250E+11  1.250E+11  1.250E+11  1.250E+11  0.0000000E+00    2.0333559  -10.000  -10.000  -10.000  -10.000   -9.9999000
 1.63813E+07  4.2940404E+00  1.250E+11  1.250E+11  1.250E+11  1.250E+11  0.0000000E+00    2.0333559  -10.000  -10.000  -10.000  -10.000   -9.9999000
 1.63813E+07  4.1937025E+00  1.250E+11  1.250E+11  1.250E+11  1.250E+11  0.0000000E+00    2.0230874  -10.000  -10.000  -10.000  -10.000   -9.9999000
 1.63814E+07  4.1937025E+00  1.250E+11  1.250E+11  1.250E+11  1.250E+11  0.0000000E+00    2.0230874  -10.000  -10.000  -10.000  -10.000   -9.9999000
 1.63814E+07  4.2132785E+00  1.250E+11  1.250E+11  1.250E+11  1.250E+11  0.0000000E+00    2.0251100  -10.000  -10.000  -10.000  -10.000   -9.9999000
 1.63821E+07  4.2132785E+00  1.250E+11  1.250E+11  1.250E+11  1.250E+11  0.0000000E+00    2.0251100  -10.000  -10.000  -10.000  -10.000   -9.9999000
 1.63821E+07  4.2746983E+00  1.250E+11  1.250E+11  1.250E+11  1.250E+11  0.0000000E+00    2.0313953  -10.000  -10.000  -10.000  -10.000   -9.9999000
 1.65253E+07  4.3001728E+00  1.250E+11  1.250E+11  1.250E+11  1.250E+11  0.0000000E+00    2.0339757  -10.000  -10.000  -10.000  -10.000   -9.9999000
 1.69103E+07  4.3060986E+00  1.250E+11  1.250E+11  1.250E+11  1.250E+11  0.0000000E+00    2.0345738  -10.000  -10.000  -10.000  -10.000   -9.9999000
 1.73042E+07  4.3047365E+00  1.250E+11  1.250E+11  1.250E+11  1.250E+11  0.0000000E+00    2.0344364  -10.000  -10.000  -10.000  -10.000   -9.9999000
 1.77072E+07  4.3095286E+00  1.250E+11  1.250E+11  1.250E+11  1.250E+11  0.0000000E+00    2.0349196  -10.000  -10.000  -10.000  -10.000   -9.9999000
 1.81197E+07  4.3115673E+00  1.250E+11  1.250E+11  1.250E+11  1.250E+11  0.0000000E+00    2.0351250  -10.000  -10.000  -10.000  -10.000   -9.9999000
 1.85417E+07  4.3151389E+00  1.250E+11  1.250E+11  1.250E+11  1.250E+11  0.0000000E+00    2.0354846  -10.000  -10.000  -10.000  -10.000   -9.9999000
 1.89736E+07  4.3160758E+00  1.250E+11  1.250E+11  1.250E+11  1.250E+11  0.0000000E+00    2.0355789  -10.000  -10.000  -10.000  -10.000   -9.9999000
 1.94156E+07  4.3211739E+00  1.250E+11  1.250E+11  1.250E+11  1.250E+11  0.0000000E+00    2.0360916  -10.000  -10.000  -10.000  -10.000   -9.9999000
 1.98678E+07  4.3251317E+00  1.250E+11  1.250E+11  1.250E+11  1.250E+11  0.0000000E+00    2.0364892  -10.000  -10.000  -10.000  -10.000   -9.9999000
 2.03306E+07  4.3257326E+00  1.250E+11  1.250E+11  1.250E+11  1.250E+11  0.0000000E+00    2.0365495  -10.000  -10.000  -10.000  -10.000   -9.9999000
 2.08042E+07  4.3293742E+00  1.250E+11  1.250E+11  1.250E+11  1.250E+11  0.0000000E+00    2.0369149  -10.000  -10.000  -10.000  -10.000   -9.9999000
 2.08687E+07  4.3305889E+00  1.250E+11  1.250E+11  1.250E+11  1.250E+11  0.0000000E+00    2.0370368  -10.000  -10.000  -10.000  -10.000   -9.9999000
 2.08690E+07  4.3288639E+00  1.250E+11  1.250E+11  1.250E+11  1.250E+11  0.0000000E+00    2.0368637  -10.000  -10.000  -10.000  -10.000   -9.9999000
