 8.00200E+01  6.8035634E-01  1.250E+11  1.250E+11  1.250E+11  1.250E+11  0.0000000E+00    2.0005767  -10.000  -10.000  -10.000  -10.000   -9.9999000
 1.59660E+02  6.8073997E-01  1.250E+11  1.250E+11  1.250E+11  1.250E+11  0.0000000E+00    2.0008215  -10.000  -10.000  -10.000  -10.000   -9.9999000
 2.39030E+02  6.8149797E-01  1.250E+11  1.250E+11  1.250E+11  1.250E+11  0.0000000E+00    2.0013048  -10.000  -10.000  -10.000  -10.000   -9.9999000
 3.18840E+02  6.8197679E-01  1.250E+11  1.250E+11  1.250E+11  1.250E+11  0.0000000E+00    2.0016099  -10.000  -10.000  -10.000  -10.000   -9.9999000
 3.98210E+02  6.8240068E-01  1.250E+11  1.250E+11  1.250E+11  1.250E+11  0.0000000E+00    2.0018797  -10.000  -10.000  -10.000  -10.000   -9.9999000
 4.78340E+02  6.8277299E-01  1.250E+11  1.250E+11  1.250E+11  1.250E+11  0.0000000E+00    2.0021166  -10.000  -10.000  -10.000  -10.000   -9.9999000
 5.57710E+02  6.8284047E-01  1.250E+11  1.250E+11  1.250E+11  1.250E+11  0.0000000E+00    2.0021595  -10.000  -10.000  -10.000  -10.000   -9.9999000
 6.37410E+02  6.8333876E-01  1.250E+11  1.250E+11  1.250E+11  1.250E+11  0.0000000E+00    2.0024763  -10.000  -10.000  -10.000  -10.000   -9.9999000
 7.16770E+02  6.8359167E-01  1.250E+11  1.250E+11  1.250E+11  1.250E+11  0.0000000E+00    2.0026370  -10.000  -10.000  -10.000  -10.000   -9.9999000
 7.96200E+02  6.8382179E-01  1.250E+11  1.250E+11  1.250E+11  1.250E+11  0.0000000E+00    2.0027832  -10.000  -10.000  -10.000  -10.000   -9.9999000
 8.76000E+02  6.8376402E-01  1.250E+11  1.250E+11  1.250E+11  1.250E+11  0.0000000E+00    2.0027465  -10.000  -10.000  -10.000  -10.000   -9.9999000
 9.55810E+02  6.8423215E-01  1.250E+11  1.250E+11  1.250E+11  1.250E+11  0.0000000E+00    2.0030437  -10.000  -10.000  -10.000  -10.000   -9.9999000
 1.03518E+03  6.8445020E-01  1.250E+11  1.250E+11  1.250E+11  1.250E+11  0.0000000E+00    2.0031821  -10.000  -10.000  -10.000  -10.000   -9.9999000
 1.11537E+03  6.8460375E-01  1.250E+11  1.250E+11  1.250E+11  1.250E+11  0.0000000E+00    2.0032795  -10.000  -10.000  -10.000  -10.000   -9.9999000
 1.19474E+03  6.8475503E-01  1.250E+11  1.250E+11  1.250E+11  1.250E+11  0.0000000E+00    2.0033755  -10.000  -10.000  -10.000  -10.000   -9.9999000
 1.27421E+03  6.8464558E-01  1.250E+11  1.250E+11  1.250E+11  1.250E+11  0.0000000E+00    2.0033061  -10.000  -10.000  -10.000  -10.000   -9.9999000
 1.35424E+03  6.8498425E-01  1.250E+11  1.250E+11  1.250E+11  1.250E+11  0.0000000E+00    2.0035209  -10.000  -10.000  -10.000  -10.000   -9.9999000
 1.43355E+03  6.8510627E-01  1.250E+11  1.250E+11  1.250E+11  1.250E+11  0.0000000E+00    2.0035982  -10.000  -10.000  -10.000  -10.000   -9.9999000
 1.51292E+03  6.8526190E-01  1.250E+11  1.250E+11  1.250E+11  1.250E+11  0.0000000E+00    2.0036969  -10.000  -10.000  -10.000  -10.000   -9.9999000
 1.59240E+03  6.8537921E-01  1.250E+11  1.250E+11  1.250E+11  1.250E+11  0.0000000E+00    2.0037712  -10.000  -10.000  -10.000  -10.000   -9.9999000
 1.67187E+03  6.8523279E-01  1.250E+11  1.250E+11  1.250E+11  1.250E+11  0.0000000E+00    2.0036784  -10.000  -10.000  -10.000  -10.000   -9.9999000
 1.75119E+03  6.8560612E-01  1.250E+11  1.250E+11  1.250E+11  1.250E+11  0.0000000E+00    2.0039150  -10.000  -10.000  -10.000  -10.000   -9.9999000
 1.83110E+03  6.8575085E-01  1.250E+11  1.250E+11  1.250E+11  1.250E+11  0.0000000E+00    2.0040066  -10.000  -10.000  -10.000  -10.000   -9.9999000
 1.91047E+03  6.8583712E-01  1.250E+11  1.250E+11  1.250E+11  1.250E+11  0.0000000E+00    2.0040613  -10.000  -10.000  -10.000  -10.000   -9.9999000
 1.98995E+03  6.8593728E-01  1.250E+11  1.250E+11  1.250E+11  1.250E+11  0.0000000E+00    2.0041247  -10.000  -10.000  -10.000  -10.000   -9.9999000
 2.06931E+03  6.8577150E-01  1.250E+11  1.250E+11  1.250E+11  1.250E+11  0.0000000E+00    2.0040197  -10.000  -10.000  -10.000  -10.000   -9.9999000
 2.14940E+03  6.8609201E-01  1.250E+11  1.250E+11  1.250E+11  1.250E+11  0.0000000E+00    2.0042226  -10.000  -10.000  -10.000  -10.000   -9.9999000
 2.22882E+03  6.8620144E-01  1.250E+11  1.250E+11  1.250E+11  1.250E+11  0.0000000E+00    2.0042919  -10.000  -10.000  -10.000  -10.000   -9.9999000
 2.30830E+03  6.8627614E-01  1.250E+11  1.250E+11  1.250E+11  1.250E+11  0.0000000E+00    2.0043392  -10.000  -10.000  -10.000  -10.000   -9.9999000
 2.38821E+03  6.8632809E-01  1.250E+11  1.250E+11  1.250E+11  1.250E+11  0.0000000E+00    2.0043720  -10.000  -10.000  -10.000  -10.000   -9.9999000
 2.46769E+03  6.8616348E-01  1.250E+11  1.250E+11  1.250E+11  1.250E+11  0.0000000E+00    2.0042679  -10.000  -10.000  -10.000  -10.000   -9.9999000
 2.54706E+03  6.8649082E-01  1.250E+11  1.250E+11  1.250E+11  1.250E+11  0.0000000E+00    2.0044750  -10.000  -10.000  -10.000  -10.000   -9.9999000
 2.62747E+03  6.8658573E-01  1.250E+11  1.250E+11  1.250E+11  1.250E+11  0.0000000E+00    2.0045350  -10.000  -10.000  -10.000  -10.000   -9.9999000
 2.70513E+03  6.8665355E-01  1.250E+11  1.250E+11  1.250E+11  1.250E+11  0.0000000E+00    2.0045779  -10.000  -10.000  -10.000  -10.000   -9.9999000
 2.78494E+03  6.8673749E-01  1.250E+11  1.250E+11  1.250E+11  1.250E+11  0.0000000E+00    2.0046310  -10.000  -10.000  -10.000  -10.000   -9.9999000
 2.86425E+03  6.8653712E-01  1.250E+11  1.250E+11  1.250E+11  1.250E+11  0.0000000E+00    2.0045043  -10.000  -10.000  -10.000  -10.000   -9.9999000
 2.94345E+03  6.8680509E-01  1.250E+11  1.250E+11  1.250E+11  1.250E+11  0.0000000E+00    2.0046738  -10.000  -10.000  -10.000  -10.000   -9.9999000
 3.01881E+03  6.8689097E-01  1.250E+11  1.250E+11  1.250E+11  1.250E+11  0.0000000E+00    2.0047281  -10.000  -10.000  -10.000  -10.000   -9.9999000
 3.09856E+03  6.8697151E-01  1.250E+11  1.250E+11  1.250E+11  1.250E+11  0.0000000E+00    2.0047790  -10.000  -10.000  -10.000  -10.000   -9.9999000
 3.17760E+03  6.8700795E-01  1.250E+11  1.250E+11  1.250E+11  1.250E+11  0.0000000E+00    2.0048020  -10.000  -10.000  -10.000  -10.000   -9.9999000
 3.25494E+03  6.8679385E-01  1.250E+11  1.250E+11  1.250E+11  1.250E+11  0.0000000E+00    2.0046667  -10.000  -10.000  -10.000  -10.000   -9.9999000
 3.33156E+03  6.8709274E-01  1.250E+11  1.250E+11  1.250E+11  1.250E+11  0.0000000E+00    2.0048556  -10.000  -10.000  -10.000  -10.000   -9.9999000
 3.41070E+03  6.8714868E-01  1.250E+11  1.250E+11  1.250E+11  1.250E+11  0.0000000E+00    2.0048910  -10.000  -10.000  -10.000  -10.000   -9.9999000
 3.48628E+03  6.8721258E-01  1.250E+11  1.250E+11  1.250E+11  1.250E+11  0.0000000E+00    2.0049314  -10.000  -10.000  -10.000  -10.000   -9.9999000
 3.56241E+03  6.8700166E-01  1.250E+11  1.250E+11  1.250E+11  1.250E+11  0.0000000E+00    2.0047981  -10.000  -10.000  -10.000  -10.000   -9.9999000
 3.64134E+03  6.8729806E-01  1.250E+11  1.250E+11  1.250E+11  1.250E+11  0.0000000E+00    2.0049854  -10.000  -10.000  -10.000  -10.000   -9.9999000
 3.71818E+03  6.8734702E-01  1.250E+11  1.250E+11  1.250E+11  1.250E+11  0.0000000E+00    2.0050163  -10.000  -10.000  -10.000  -10.000   -9.9999000
 3.79408E+03  6.8740025E-01  1.250E+11  1.250E+11  1.250E+11  1.250E+11  0.0000000E+00    2.0050500  -10.000  -10.000  -10.000  -10.000   -9.9999000
 3.87411E+03  6.8743012E-01  1.250E+11  1.250E+11  1.250E+11  1.250E+11  0.0000000E+00    2.0050688  -10.000  -10.000  -10.000  -10.000   -9.9999000
 3.94947E+03  6.8719585E-01  1.250E+11  1.250E+11  1.250E+11  1.250E+11  0.0000000E+00    2.0049208  -10.000  -10.000  -10.000  -10.000   -9.9999000
 4.03318E+03  6.8751947E-01  1.250E+11  1.250E+11  1.250E+11  1.250E+11  0.0000000E+00    2.0051253  -10.000  -10.000  -10.000  -10.000   -9.9999000
 4.10875E+03  6.8751947E-01  1.250E+11  1.250E+11  1.250E+11  1.250E+11  0.0000000E+00    2.0051253  -10.000  -10.000  -10.000  -10.000   -9.9999000
 4.11738E+03  6.8757229E-01  1.250E+11  1.250E+11  1.250E+11  1.250E+11  0.0000000E+00    2.0051586  -10.000  -10.000  -10.000  -10.000   -9.9999000
 4.19175E+03  6.8763188E-01  1.250E+11  1.250E+11  1.250E+11  1.250E+11  0.0000000E+00    2.0051963  -10.000  -10.000  -10.000  -10.000   -9.9999000
 4.27260E+03  6.8766676E-01  1.250E+11  1.250E+11  1.250E+11  1.250E+11  0.0000000E+00    2.0052183  -10.000  -10.000  -10.000  -10.000   -9.9999000
 4.34856E+03  6.8743470E-01  1.250E+11  1.250E+11  1.250E+11  1.250E+11  0.0000000E+00    2.0050717  -10.000  -10.000  -10.000  -10.000   -9.9999000
 4.42562E+03  6.8769799E-01  1.250E+11  1.250E+11  1.250E+11  1.250E+11  0.0000000E+00    2.0052380  -10.000  -10.000  -10.000  -10.000   -9.9999000
 4.52844E+03  6.8777722E-01  1.250E+11  1.250E+11  1.250E+11  1.250E+11  0.0000000E+00    2.0052881  -10.000  -10.000  -10.000  -10.000   -9.9999000
 4.60006E+03  6.8777722E-01  1.250E+11  1.250E+11  1.250E+11  1.250E+11  0.0000000E+00    2.0052881  -10.000  -10.000  -10.000  -10.000   -9.9999000
 4.61022E+03  6.8781794E-01  1.250E+11  1.250E+11  1.250E+11  1.250E+11  0.0000000E+00    2.0053138  -10.000  -10.000  -10.000  -10.000   -9.9999000
 4.68959E+03  6.8788122E-01  1.250E+11  1.250E+11  1.250E+11  1.250E+11  0.0000000E+00    2.0053537  -10.000  -10.000  -10.000  -10.000   -9.9999000
 4.76456E+03  6.8762600E-01  1.250E+11  1.250E+11  1.250E+11  1.250E+11  0.0000000E+00    2.0051926  -10.000  -10.000  -10.000  -10.000   -9.9999000
 4.84157E+03  6.8762600E-01  1.250E+11  1.250E+11  1.250E+11  1.250E+11  0.0000000E+00    2.0051926  -10.000  -10.000  -10.000  -10.000   -9.9999000
 4.85118E+03  6.8790827E-01  1.250E+11  1.250E+11  1.250E+11  1.250E+11  0.0000000E+00    2.0053708  -10.000  -10.000  -10.000  -10.000   -9.9999000
 4.92808E+03  6.8798470E-01  1.250E+11  1.250E+11  1.250E+11  1.250E+11  0.0000000E+00    2.0054190  -10.000  -10.000  -10.000  -10.000   -9.9999000
 5.00321E+03  6.8803381E-01  1.250E+11  1.250E+11  1.250E+11  1.250E+11  0.0000000E+00    2.0054500  -10.000  -10.000  -10.000  -10.000   -9.9999000
 5.08555E+03  6.8806159E-01  1.250E+11  1.250E+11  1.250E+11  1.250E+11  0.0000000E+00    2.0054676  -10.000  -10.000  -10.000  -10.000   -9.9999000
 5.15959E+03  6.8806159E-01  1.250E+11  1.250E+11  1.250E+11  1.250E+11  0.0000000E+00    2.0054676  -10.000  -10.000  -10.000  -10.000   -9.9999000
 5.16854E+03  6.8781695E-01  1.250E+11  1.250E+11  1.250E+11  1.250E+11  0.0000000E+00    2.0053131  -10.000  -10.000  -10.000  -10.000   -9.9999000
 5.24824E+03  6.8809174E-01  1.250E+11  1.250E+11  1.250E+11  1.250E+11  0.0000000E+00    2.0054866  -10.000  -10.000  -10.000  -10.000   -9.9999000
 5.32727E+03  6.8814963E-01  1.250E+11  1.250E+11  1.250E+11  1.250E+11  0.0000000E+00    2.0055231  -10.000  -10.000  -10.000  -10.000   -9.9999000
 5.40214E+03  6.8814963E-01  1.250E+11  1.250E+11  1.250E+11  1.250E+11  0.0000000E+00    2.0055231  -10.000  -10.000  -10.000  -10.000   -9.9999000
 5.41071E+03  6.8820696E-01  1.250E+11  1.250E+11  1.250E+11  1.250E+11  0.0000000E+00    2.0055593  -10.000  -10.000  -10.000  -10.000   -9.9999000
 5.48387E+03  6.8799112E-01  1.250E+11  1.250E+11  1.250E+11  1.250E+11  0.0000000E+00    2.0054231  -10.000  -10.000  -10.000  -10.000   -9.9999000
 5.56219E+03  6.8799112E-01  1.250E+11  1.250E+11  1.250E+11  1.250E+11  0.0000000E+00    2.0054231  -10.000  -10.000  -10.000  -10.000   -9.9999000
 5.57241E+03  6.8827164E-01  1.250E+11  1.250E+11  1.250E+11  1.250E+11  0.0000000E+00    2.0056001  -10.000  -10.000  -10.000  -10.000   -9.9999000
 5.64623E+03  6.8831518E-01  1.250E+11  1.250E+11  1.250E+11  1.250E+11  0.0000000E+00    2.0056276  -10.000  -10.000  -10.000  -10.000   -9.9999000
 5.72367E+03  6.8836239E-01  1.250E+11  1.250E+11  1.250E+11  1.250E+11  0.0000000E+00    2.0056574  -10.000  -10.000  -10.000  -10.000   -9.9999000
 5.79738E+03  6.8836239E-01  1.250E+11  1.250E+11  1.250E+11  1.250E+11  0.0000000E+00    2.0056574  -10.000  -10.000  -10.000  -10.000   -9.9999000
 5.80732E+03  6.8841876E-01  1.250E+11  1.250E+11  1.250E+11  1.250E+11  0.0000000E+00    2.0056930  -10.000  -10.000  -10.000  -10.000   -9.9999000
 5.88504E+03  6.8816377E-01  1.250E+11  1.250E+11  1.250E+11  1.250E+11  0.0000000E+00    2.0055321  -10.000  -10.000  -10.000  -10.000   -9.9999000
 5.95952E+03  6.8816377E-01  1.250E+11  1.250E+11  1.250E+11  1.250E+11  0.0000000E+00    2.0055321  -10.000  -10.000  -10.000  -10.000   -9.9999000
 5.96908E+03  6.8843636E-01  1.250E+11  1.250E+11  1.250E+11  1.250E+11  0.0000000E+00    2.0057041  -10.000  -10.000  -10.000  -10.000   -9.9999000
 6.04587E+03  6.8851355E-01  1.250E+11  1.250E+11  1.250E+11  1.250E+11  0.0000000E+00    2.0057528  -10.000  -10.000  -10.000  -10.000   -9.9999000
 6.12194E+03  6.8854667E-01  1.250E+11  1.250E+11  1.250E+11  1.250E+11  0.0000000E+00    2.0057737  -10.000  -10.000  -10.000  -10.000   -9.9999000
 6.22855E+03  6.8854667E-01  1.250E+11  1.250E+11  1.250E+11  1.250E+11  0.0000000E+00    2.0057737  -10.000  -10.000  -10.000  -10.000   -9.9999000
 6.23893E+03  6.8857069E-01  1.250E+11  1.250E+11  1.250E+11  1.250E+11  0.0000000E+00    2.0057888  -10.000  -10.000  -10.000  -10.000   -9.9999000
 6.31368E+03  6.8836050E-01  1.250E+11  1.250E+11  1.250E+11  1.250E+11  0.0000000E+00    2.0056562  -10.000  -10.000  -10.000  -10.000   -9.9999000
 6.38668E+03  6.8836050E-01  1.250E+11  1.250E+11  1.250E+11  1.250E+11  0.0000000E+00    2.0056562  -10.000  -10.000  -10.000  -10.000   -9.9999000
 6.39481E+03  6.8861725E-01  1.250E+11  1.250E+11  1.250E+11  1.250E+11  0.0000000E+00    2.0058182  -10.000  -10.000  -10.000  -10.000   -9.9999000
 6.47286E+03  6.8868496E-01  1.250E+11  1.250E+11  1.250E+11  1.250E+11  0.0000000E+00    2.0058609  -10.000  -10.000  -10.000  -10.000   -9.9999000
 6.55618E+03  6.8873025E-01  1.250E+11  1.250E+11  1.250E+11  1.250E+11  0.0000000E+00    2.0058894  -10.000  -10.000  -10.000  -10.000   -9.9999000
 6.70893E+03  6.8880363E-01  1.250E+11  1.250E+11  1.250E+11  1.250E+11  0.0000000E+00    2.0059357  -10.000  -10.000  -10.000  -10.000   -9.9999000
 6.86662E+03  6.8859043E-01  1.250E+11  1.250E+11  1.250E+11  1.250E+11  0.0000000E+00    2.0058012  -10.000  -10.000  -10.000  -10.000   -9.9999000
 7.02607E+03  6.8890173E-01  1.250E+11  1.250E+11  1.250E+11  1.250E+11  0.0000000E+00    2.0059975  -10.000  -10.000  -10.000  -10.000   -9.9999000
 7.19024E+03  6.8899735E-01  1.250E+11  1.250E+11  1.250E+11  1.250E+11  0.0000000E+00    2.0060578  -10.000  -10.000  -10.000  -10.000   -9.9999000
 7.35853E+03  6.8903642E-01  1.250E+11  1.250E+11  1.250E+11  1.250E+11  0.0000000E+00    2.0060824  -10.000  -10.000  -10.000  -10.000   -9.9999000
 7.53034E+03  6.8885274E-01  1.250E+11  1.250E+11  1.250E+11  1.250E+11  0.0000000E+00    2.0059667  -10.000  -10.000  -10.000  -10.000   -9.9999000
 7.70665E+03  6.8917283E-01  1.250E+11  1.250E+11  1.250E+11  1.250E+11  0.0000000E+00    2.0061684  -10.000  -10.000  -10.000  -10.000   -9.9999000
 7.88664E+03  6.8920949E-01  1.250E+11  1.250E+11  1.250E+11  1.250E+11  0.0000000E+00    2.0061915  -10.000  -10.000  -10.000  -10.000   -9.9999000
 8.07097E+03  6.8926385E-01  1.250E+11  1.250E+11  1.250E+11  1.250E+11  0.0000000E+00    2.0062258  -10.000  -10.000  -10.000  -10.000   -9.9999000
 8.25898E+03  6.8935339E-01  1.250E+11  1.250E+11  1.250E+11  1.250E+11  0.0000000E+00    2.0062822  -10.000  -10.000  -10.000  -10.000   -9.9999000
 8.45188E+03  6.8912300E-01  1.250E+11  1.250E+11  1.250E+11  1.250E+11  0.0000000E+00    2.0061370  -10.000  -10.000  -10.000  -10.000   -9.9999000
 8.64933E+03  6.8941187E-01  1.250E+11  1.250E+11  1.250E+11  1.250E+11  0.0000000E+00    2.0063190  -10.000  -10.000  -10.000  -10.000   -9.9999000
 8.85146E+03  6.8956108E-01  1.250E+11  1.250E+11  1.250E+11  1.250E+11  0.0000000E+00    2.0064130  -10.000  -10.000  -10.000  -10.000   -9.9999000
 9.05803E+03  6.8961801E-01  1.250E+11  1.250E+11  1.250E+11  1.250E+11  0.0000000E+00    2.0064489  -10.000  -10.000  -10.000  -10.000   -9.9999000
 9.26961E+03  6.8969944E-01  1.250E+11  1.250E+11  1.250E+11  1.250E+11  0.0000000E+00    2.0065001  -10.000  -10.000  -10.000  -10.000   -9.9999000
 9.48623E+03  6.8952984E-01  1.250E+11  1.250E+11  1.250E+11  1.250E+11  0.0000000E+00    2.0063933  -10.000  -10.000  -10.000  -10.000   -9.9999000
 9.70753E+03  6.8979478E-01  1.250E+11  1.250E+11  1.250E+11  1.250E+11  0.0000000E+00    2.0065602  -10.000  -10.000  -10.000  -10.000   -9.9999000
 9.93574E+03  6.8988685E-01  1.250E+11  1.250E+11  1.250E+11  1.250E+11  0.0000000E+00    2.0066181  -10.000  -10.000  -10.000  -10.000   -9.9999000
 1.01662E+04  6.8994351E-01  1.250E+11  1.250E+11  1.250E+11  1.250E+11  0.0000000E+00    2.0066538  -10.000  -10.000  -10.000  -10.000   -9.9999000
 1.04036E+04  6.9001143E-01  1.250E+11  1.250E+11  1.250E+11  1.250E+11  0.0000000E+00    2.0066966  -10.000  -10.000  -10.000  -10.000   -9.9999000
 1.06467E+04  6.8985292E-01  1.250E+11  1.250E+11  1.250E+11  1.250E+11  0.0000000E+00    2.0065968  -10.000  -10.000  -10.000  -10.000   -9.9999000
 1.08949E+04  6.9010488E-01  1.250E+11  1.250E+11  1.250E+11  1.250E+11  0.0000000E+00    2.0067554  -10.000  -10.000  -10.000  -10.000   -9.9999000
 1.11492E+04  6.9020127E-01  1.250E+11  1.250E+11  1.250E+11  1.250E+11  0.0000000E+00    2.0068160  -10.000  -10.000  -10.000  -10.000   -9.9999000
 1.14095E+04  6.9025031E-01  1.250E+11  1.250E+11  1.250E+11  1.250E+11  0.0000000E+00    2.0068469  -10.000  -10.000  -10.000  -10.000   -9.9999000
 1.16762E+04  6.9004172E-01  1.250E+11  1.250E+11  1.250E+11  1.250E+11  0.0000000E+00    2.0067156  -10.000  -10.000  -10.000  -10.000   -9.9999000
 1.19483E+04  6.9036772E-01  1.250E+11  1.250E+11  1.250E+11  1.250E+11  0.0000000E+00    2.0069207  -10.000  -10.000  -10.000  -10.000   -9.9999000
 1.22271E+04  6.9044784E-01  1.250E+11  1.250E+11  1.250E+11  1.250E+11  0.0000000E+00    2.0069711  -10.000  -10.000  -10.000  -10.000   -9.9999000
 1.25126E+04  6.9048088E-01  1.250E+11  1.250E+11  1.250E+11  1.250E+11  0.0000000E+00    2.0069919  -10.000  -10.000  -10.000  -10.000   -9.9999000
 1.28045E+04  6.9064832E-01  1.250E+11  1.250E+11  1.250E+11  1.250E+11  0.0000000E+00    2.0070972  -10.000  -10.000  -10.000  -10.000   -9.9999000
 1.31043E+04  6.9039072E-01  1.250E+11  1.250E+11  1.250E+11  1.250E+11  0.0000000E+00    2.0069352  -10.000  -10.000  -10.000  -10.000   -9.9999000
 1.34101E+04  6.9066428E-01  1.250E+11  1.250E+11  1.250E+11  1.250E+11  0.0000000E+00    2.0071073  -10.000  -10.000  -10.000  -10.000   -9.9999000
 1.37220E+04  6.9078633E-01  1.250E+11  1.250E+11  1.250E+11  1.250E+11  0.0000000E+00    2.0071840  -10.000  -10.000  -10.000  -10.000   -9.9999000
 1.40423E+04  6.9083410E-01  1.250E+11  1.250E+11  1.250E+11  1.250E+11  0.0000000E+00    2.0072140  -10.000  -10.000  -10.000  -10.000   -9.9999000
 1.43697E+04  6.9088701E-01  1.250E+11  1.250E+11  1.250E+11  1.250E+11  0.0000000E+00    2.0072473  -10.000  -10.000  -10.000  -10.000   -9.9999000
 1.47049E+04  6.9072299E-01  1.250E+11  1.250E+11  1.250E+11  1.250E+11  0.0000000E+00    2.0071442  -10.000  -10.000  -10.000  -10.000   -9.9999000
 1.50484E+04  6.9096642E-01  1.250E+11  1.250E+11  1.250E+11  1.250E+11  0.0000000E+00    2.0072972  -10.000  -10.000  -10.000  -10.000   -9.9999000
 1.53991E+04  6.9110827E-01  1.250E+11  1.250E+11  1.250E+11  1.250E+11  0.0000000E+00    2.0073864  -10.000  -10.000  -10.000  -10.000   -9.9999000
 1.57594E+04  6.9117698E-01  1.250E+11  1.250E+11  1.250E+11  1.250E+11  0.0000000E+00    2.0074295  -10.000  -10.000  -10.000  -10.000   -9.9999000
 1.61260E+04  6.9122091E-01  1.250E+11  1.250E+11  1.250E+11  1.250E+11  0.0000000E+00    2.0074571  -10.000  -10.000  -10.000  -10.000   -9.9999000
 1.65020E+04  6.9103504E-01  1.250E+11  1.250E+11  1.250E+11  1.250E+11  0.0000000E+00    2.0073403  -10.000  -10.000  -10.000  -10.000   -9.9999000
 1.68870E+04  6.9138269E-01  1.250E+11  1.250E+11  1.250E+11  1.250E+11  0.0000000E+00    2.0075588  -10.000  -10.000  -10.000  -10.000   -9.9999000
 1.72809E+04  6.9144238E-01  1.250E+11  1.250E+11  1.250E+11  1.250E+11  0.0000000E+00    2.0075963  -10.000  -10.000  -10.000  -10.000   -9.9999000
 1.76839E+04  6.9149799E-01  1.250E+11  1.250E+11  1.250E+11  1.250E+11  0.0000000E+00    2.0076312  -10.000  -10.000  -10.000  -10.000   -9.9999000
 1.80966E+04  6.9127824E-01  1.250E+11  1.250E+11  1.250E+11  1.250E+11  0.0000000E+00    2.0074932  -10.000  -10.000  -10.000  -10.000   -9.9999000
 1.85188E+04  6.9158398E-01  1.250E+11  1.250E+11  1.250E+11  1.250E+11  0.0000000E+00    2.0076852  -10.000  -10.000  -10.000  -10.000   -9.9999000
 1.89503E+04  6.9168024E-01  1.250E+11  1.250E+11  1.250E+11  1.250E+11  0.0000000E+00    2.0077456  -10.000  -10.000  -10.000  -10.000   -9.9999000
 1.93926E+04  6.9179333E-01  1.250E+11  1.250E+11  1.250E+11  1.250E+11  0.0000000E+00    2.0078166  -10.000  -10.000  -10.000  -10.000   -9.9999000
 1.98445E+04  6.9182364E-01  1.250E+11  1.250E+11  1.250E+11  1.250E+11  0.0000000E+00    2.0078357  -10.000  -10.000  -10.000  -10.000   -9.9999000
 2.03089E+04  6.9160257E-01  1.250E+11  1.250E+11  1.250E+11  1.250E+11  0.0000000E+00    2.0076969  -10.000  -10.000  -10.000  -10.000   -9.9999000
 2.07809E+04  6.9196623E-01  1.250E+11  1.250E+11  1.250E+11  1.250E+11  0.0000000E+00    2.0079252  -10.000  -10.000  -10.000  -10.000   -9.9999000
 2.12655E+04  6.9202810E-01  1.250E+11  1.250E+11  1.250E+11  1.250E+11  0.0000000E+00    2.0079640  -10.000  -10.000  -10.000  -10.000   -9.9999000
 2.17614E+04  6.9206102E-01  1.250E+11  1.250E+11  1.250E+11  1.250E+11  0.0000000E+00    2.0079847  -10.000  -10.000  -10.000  -10.000   -9.9999000
 2.22690E+04  6.9215431E-01  1.250E+11  1.250E+11  1.250E+11  1.250E+11  0.0000000E+00    2.0080432  -10.000  -10.000  -10.000  -10.000   -9.9999000
 2.27884E+04  6.9204707E-01  1.250E+11  1.250E+11  1.250E+11  1.250E+11  0.0000000E+00    2.0079759  -10.000  -10.000  -10.000  -10.000   -9.9999000
 2.33197E+04  6.9232017E-01  1.250E+11  1.250E+11  1.250E+11  1.250E+11  0.0000000E+00    2.0081473  -10.000  -10.000  -10.000  -10.000   -9.9999000
 2.38635E+04  6.9238600E-01  1.250E+11  1.250E+11  1.250E+11  1.250E+11  0.0000000E+00    2.0081885  -10.000  -10.000  -10.000  -10.000   -9.9999000
 2.44199E+04  6.9251665E-01  1.250E+11  1.250E+11  1.250E+11  1.250E+11  0.0000000E+00    2.0082705  -10.000  -10.000  -10.000  -10.000   -9.9999000
 2.49888E+04  6.9223585E-01  1.250E+11  1.250E+11  1.250E+11  1.250E+11  0.0000000E+00    2.0080944  -10.000  -10.000  -10.000  -10.000   -9.9999000
 2.55725E+04  6.9251406E-01  1.250E+11  1.250E+11  1.250E+11  1.250E+11  0.0000000E+00    2.0082689  -10.000  -10.000  -10.000  -10.000   -9.9999000
 2.61676E+04  6.9263940E-01  1.250E+11  1.250E+11  1.250E+11  1.250E+11  0.0000000E+00    2.0083475  -10.000  -10.000  -10.000  -10.000   -9.9999000
 2.67783E+04  6.9270557E-01  1.250E+11  1.250E+11  1.250E+11  1.250E+11  0.0000000E+00    2.0083889  -10.000  -10.000  -10.000  -10.000   -9.9999000
 2.74020E+04  6.9277534E-01  1.250E+11  1.250E+11  1.250E+11  1.250E+11  0.0000000E+00    2.0084327  -10.000  -10.000  -10.000  -10.000   -9.9999000
 2.80412E+04  6.9255279E-01  1.250E+11  1.250E+11  1.250E+11  1.250E+11  0.0000000E+00    2.0082931  -10.000  -10.000  -10.000  -10.000   -9.9999000
 2.86953E+04  6.9283521E-01  1.250E+11  1.250E+11  1.250E+11  1.250E+11  0.0000000E+00    2.0084702  -10.000  -10.000  -10.000  -10.000   -9.9999000
 2.93645E+04  6.9300018E-01  1.250E+11  1.250E+11  1.250E+11  1.250E+11  0.0000000E+00    2.0085736  -10.000  -10.000  -10.000  -10.000   -9.9999000
 3.00479E+04  6.9302775E-01  1.250E+11  1.250E+11  1.250E+11  1.250E+11  0.0000000E+00    2.0085909  -10.000  -10.000  -10.000  -10.000   -9.9999000
 3.07484E+04  6.9279185E-01  1.250E+11  1.250E+11  1.250E+11  1.250E+11  0.0000000E+00    2.0084430  -10.000  -10.000  -10.000  -10.000   -9.9999000
 3.14664E+04  6.9311993E-01  1.250E+11  1.250E+11  1.250E+11  1.250E+11  0.0000000E+00    2.0086487  -10.000  -10.000  -10.000  -10.000   -9.9999000
 3.21991E+04  6.9321461E-01  1.250E+11  1.250E+11  1.250E+11  1.250E+11  0.0000000E+00    2.0087080  -10.000  -10.000  -10.000  -10.000   -9.9999000
 3.29502E+04  6.9334721E-01  1.250E+11  1.250E+11  1.250E+11  1.250E+11  0.0000000E+00    2.0087910  -10.000  -10.000  -10.000  -10.000   -9.9999000
 3.37173E+04  6.9335674E-01  1.250E+11  1.250E+11  1.250E+11  1.250E+11  0.0000000E+00    2.0087970  -10.000  -10.000  -10.000  -10.000   -9.9999000
 3.45033E+04  6.9310939E-01  1.250E+11  1.250E+11  1.250E+11  1.250E+11  0.0000000E+00    2.0086420  -10.000  -10.000  -10.000  -10.000   -9.9999000
 3.53076E+04  6.9341021E-01  1.250E+11  1.250E+11  1.250E+11  1.250E+11  0.0000000E+00    2.0088305  -10.000  -10.000  -10.000  -10.000   -9.9999000
 3.61308E+04  6.9350093E-01  1.250E+11  1.250E+11  1.250E+11  1.250E+11  0.0000000E+00    2.0088873  -10.000  -10.000  -10.000  -10.000   -9.9999000
 3.69727E+04  6.9355489E-01  1.250E+11  1.250E+11  1.250E+11  1.250E+11  0.0000000E+00    2.0089211  -10.000  -10.000  -10.000  -10.000   -9.9999000
 3.78342E+04  6.9370035E-01  1.250E+11  1.250E+11  1.250E+11  1.250E+11  0.0000000E+00    2.0090122  -10.000  -10.000  -10.000  -10.000   -9.9999000
 3.87168E+04  6.9348031E-01  1.250E+11  1.250E+11  1.250E+11  1.250E+11  0.0000000E+00    2.0088744  -10.000  -10.000  -10.000  -10.000   -9.9999000
 3.96183E+04  6.9377602E-01  1.250E+11  1.250E+11  1.250E+11  1.250E+11  0.0000000E+00    2.0090596  -10.000  -10.000  -10.000  -10.000   -9.9999000
 4.05417E+04  6.9389159E-01  1.250E+11  1.250E+11  1.250E+11  1.250E+11  0.0000000E+00    2.0091319  -10.000  -10.000  -10.000  -10.000   -9.9999000
 4.14865E+04  6.9396416E-01  1.250E+11  1.250E+11  1.250E+11  1.250E+11  0.0000000E+00    2.0091773  -10.000  -10.000  -10.000  -10.000   -9.9999000
 4.24538E+04  6.9366720E-01  1.250E+11  1.250E+11  1.250E+11  1.250E+11  0.0000000E+00    2.0089914  -10.000  -10.000  -10.000  -10.000   -9.9999000
 4.34428E+04  6.9410228E-01  1.250E+11  1.250E+11  1.250E+11  1.250E+11  0.0000000E+00    2.0092637  -10.000  -10.000  -10.000  -10.000   -9.9999000
 4.44559E+04  6.9419018E-01  1.250E+11  1.250E+11  1.250E+11  1.250E+11  0.0000000E+00    2.0093187  -10.000  -10.000  -10.000  -10.000   -9.9999000
 4.54913E+04  6.9415992E-01  1.250E+11  1.250E+11  1.250E+11  1.250E+11  0.0000000E+00    2.0092998  -10.000  -10.000  -10.000  -10.000   -9.9999000
 4.65515E+04  6.9422445E-01  1.250E+11  1.250E+11  1.250E+11  1.250E+11  0.0000000E+00    2.0093402  -10.000  -10.000  -10.000  -10.000   -9.9999000
 4.76369E+04  6.9396209E-01  1.250E+11  1.250E+11  1.250E+11  1.250E+11  0.0000000E+00    2.0091760  -10.000  -10.000  -10.000  -10.000   -9.9999000
 4.87468E+04  6.9439702E-01  1.250E+11  1.250E+11  1.250E+11  1.250E+11  0.0000000E+00    2.0094481  -10.000  -10.000  -10.000  -10.000   -9.9999000
 4.98825E+04  6.9447757E-01  1.250E+11  1.250E+11  1.250E+11  1.250E+11  0.0000000E+00    2.0094985  -10.000  -10.000  -10.000  -10.000   -9.9999000
 5.10452E+04  6.9454262E-01  1.250E+11  1.250E+11  1.250E+11  1.250E+11  0.0000000E+00    2.0095392  -10.000  -10.000  -10.000  -10.000   -9.9999000
 5.22345E+04  6.9461691E-01  1.250E+11  1.250E+11  1.250E+11  1.250E+11  0.0000000E+00    2.0095856  -10.000  -10.000  -10.000  -10.000   -9.9999000
 5.34522E+04  6.9437857E-01  1.250E+11  1.250E+11  1.250E+11  1.250E+11  0.0000000E+00    2.0094366  -10.000  -10.000  -10.000  -10.000   -9.9999000
 5.46973E+04  6.9473925E-01  1.250E+11  1.250E+11  1.250E+11  1.250E+11  0.0000000E+00    2.0096621  -10.000  -10.000  -10.000  -10.000   -9.9999000
 5.59723E+04  6.9478606E-01  1.250E+11  1.250E+11  1.250E+11  1.250E+11  0.0000000E+00    2.0096914  -10.000  -10.000  -10.000  -10.000   -9.9999000
 5.72763E+04  6.9487147E-01  1.250E+11  1.250E+11  1.250E+11  1.250E+11  0.0000000E+00    2.0097447  -10.000  -10.000  -10.000  -10.000   -9.9999000
 5.86111E+04  6.9470695E-01  1.250E+11  1.250E+11  1.250E+11  1.250E+11  0.0000000E+00    2.0096419  -10.000  -10.000  -10.000  -10.000   -9.9999000
 5.99773E+04  6.9501596E-01  1.250E+11  1.250E+11  1.250E+11  1.250E+11  0.0000000E+00    2.0098350  -10.000  -10.000  -10.000  -10.000   -9.9999000
 6.13754E+04  6.9508986E-01  1.250E+11  1.250E+11  1.250E+11  1.250E+11  0.0000000E+00    2.0098812  -10.000  -10.000  -10.000  -10.000   -9.9999000
 6.28051E+04  6.9517698E-01  1.250E+11  1.250E+11  1.250E+11  1.250E+11  0.0000000E+00    2.0099357  -10.000  -10.000  -10.000  -10.000   -9.9999000
 6.42678E+04  6.9529094E-01  1.250E+11  1.250E+11  1.250E+11  1.250E+11  0.0000000E+00    2.0100068  -10.000  -10.000  -10.000  -10.000   -9.9999000
 6.57654E+04  6.9499875E-01  1.250E+11  1.250E+11  1.250E+11  1.250E+11  0.0000000E+00    2.0098243  -10.000  -10.000  -10.000  -10.000   -9.9999000
 6.72984E+04  6.9529565E-01  1.250E+11  1.250E+11  1.250E+11  1.250E+11  0.0000000E+00    2.0100098  -10.000  -10.000  -10.000  -10.000   -9.9999000
 6.88659E+04  6.9545725E-01  1.250E+11  1.250E+11  1.250E+11  1.250E+11  0.0000000E+00    2.0101107  -10.000  -10.000  -10.000  -10.000   -9.9999000
 7.04705E+04  6.9547797E-01  1.250E+11  1.250E+11  1.250E+11  1.250E+11  0.0000000E+00    2.0101236  -10.000  -10.000  -10.000  -10.000   -9.9999000
 7.21126E+04  6.9529343E-01  1.250E+11  1.250E+11  1.250E+11  1.250E+11  0.0000000E+00    2.0100084  -10.000  -10.000  -10.000  -10.000   -9.9999000
 7.37928E+04  6.9561594E-01  1.250E+11  1.250E+11  1.250E+11  1.250E+11  0.0000000E+00    2.0102098  -10.000  -10.000  -10.000  -10.000   -9.9999000
 7.55126E+04  6.9567120E-01  1.250E+11  1.250E+11  1.250E+11  1.250E+11  0.0000000E+00    2.0102443  -10.000  -10.000  -10.000  -10.000   -9.9999000
 7.72721E+04  6.9575566E-01  1.250E+11  1.250E+11  1.250E+11  1.250E+11  0.0000000E+00    2.0102970  -10.000  -10.000  -10.000  -10.000   -9.9999000
 7.90725E+04  6.9583639E-01  1.250E+11  1.250E+11  1.250E+11  1.250E+11  0.0000000E+00    2.0103474  -10.000  -10.000  -10.000  -10.000   -9.9999000
 8.09148E+04  6.9565064E-01  1.250E+11  1.250E+11  1.250E+11  1.250E+11  0.0000000E+00    2.0102315  -10.000  -10.000  -10.000  -10.000   -9.9999000
 8.27997E+04  6.9595518E-01  1.250E+11  1.250E+11  1.250E+11  1.250E+11  0.0000000E+00    2.0104215  -10.000  -10.000  -10.000  -10.000   -9.9999000
 8.47292E+04  6.9604805E-01  1.250E+11  1.250E+11  1.250E+11  1.250E+11  0.0000000E+00    2.0104795  -10.000  -10.000  -10.000  -10.000   -9.9999000
 8.67031E+04  6.9612517E-01  1.250E+11  1.250E+11  1.250E+11  1.250E+11  0.0000000E+00    2.0105276  -10.000  -10.000  -10.000  -10.000   -9.9999000
 8.87234E+04  6.9594113E-01  1.250E+11  1.250E+11  1.250E+11  1.250E+11  0.0000000E+00    2.0104128  -10.000  -10.000  -10.000  -10.000   -9.9999000
 9.07904E+04  6.9625082E-01  1.250E+11  1.250E+11  1.250E+11  1.250E+11  0.0000000E+00    2.0106060  -10.000  -10.000  -10.000  -10.000   -9.9999000
 9.29057E+04  6.9636395E-01  1.250E+11  1.250E+11  1.250E+11  1.250E+11  0.0000000E+00    2.0106765  -10.000  -10.000  -10.000  -10.000   -9.9999000
 9.50703E+04  6.9644550E-01  1.250E+11  1.250E+11  1.250E+11  1.250E+11  0.0000000E+00    2.0107274  -10.000  -10.000  -10.000  -10.000   -9.9999000
 9.72853E+04  6.9652223E-01  1.250E+11  1.250E+11  1.250E+11  1.250E+11  0.0000000E+00    2.0107752  -10.000  -10.000  -10.000  -10.000   -9.9999000
 9.95524E+04  6.9633331E-01  1.250E+11  1.250E+11  1.250E+11  1.250E+11  0.0000000E+00    2.0106574  -10.000  -10.000  -10.000  -10.000   -9.9999000
 1.01871E+05  6.9662978E-01  1.250E+11  1.250E+11  1.250E+11  1.250E+11  0.0000000E+00    2.0108423  -10.000  -10.000  -10.000  -10.000   -9.9999000
 1.04245E+05  6.9674294E-01  1.250E+11  1.250E+11  1.250E+11  1.250E+11  0.0000000E+00    2.0109128  -10.000  -10.000  -10.000  -10.000   -9.9999000
 1.06673E+05  6.9678269E-01  1.250E+11  1.250E+11  1.250E+11  1.250E+11  0.0000000E+00    2.0109376  -10.000  -10.000  -10.000  -10.000   -9.9999000
 1.09160E+05  6.9654082E-01  1.250E+11  1.250E+11  1.250E+11  1.250E+11  0.0000000E+00    2.0107868  -10.000  -10.000  -10.000  -10.000   -9.9999000
 1.11702E+05  6.9683782E-01  1.250E+11  1.250E+11  1.250E+11  1.250E+11  0.0000000E+00    2.0109720  -10.000  -10.000  -10.000  -10.000   -9.9999000
 1.14305E+05  6.9693936E-01  1.250E+11  1.250E+11  1.250E+11  1.250E+11  0.0000000E+00    2.0110353  -10.000  -10.000  -10.000  -10.000   -9.9999000
 1.16967E+05  6.9706671E-01  1.250E+11  1.250E+11  1.250E+11  1.250E+11  0.0000000E+00    2.0111146  -10.000  -10.000  -10.000  -10.000   -9.9999000
 1.19692E+05  6.9713894E-01  1.250E+11  1.250E+11  1.250E+11  1.250E+11  0.0000000E+00    2.0111596  -10.000  -10.000  -10.000  -10.000   -9.9999000
 1.22481E+05  6.9700890E-01  1.250E+11  1.250E+11  1.250E+11  1.250E+11  0.0000000E+00    2.0110786  -10.000  -10.000  -10.000  -10.000   -9.9999000
 1.25334E+05  6.9728693E-01  1.250E+11  1.250E+11  1.250E+11  1.250E+11  0.0000000E+00    2.0112518  -10.000  -10.000  -10.000  -10.000   -9.9999000
 1.28255E+05  6.9739770E-01  1.250E+11  1.250E+11  1.250E+11  1.250E+11  0.0000000E+00    2.0113208  -10.000  -10.000  -10.000  -10.000   -9.9999000
 1.31242E+05  6.9741477E-01  1.250E+11  1.250E+11  1.250E+11  1.250E+11  0.0000000E+00    2.0113314  -10.000  -10.000  -10.000  -10.000   -9.9999000
 1.34301E+05  6.9716887E-01  1.250E+11  1.250E+11  1.250E+11  1.250E+11  0.0000000E+00    2.0111783  -10.000  -10.000  -10.000  -10.000   -9.9999000
 1.37429E+05  6.9761081E-01  1.250E+11  1.250E+11  1.250E+11  1.250E+11  0.0000000E+00    2.0114535  -10.000  -10.000  -10.000  -10.000   -9.9999000
 1.40630E+05  6.9776513E-01  1.250E+11  1.250E+11  1.250E+11  1.250E+11  0.0000000E+00    2.0115495  -10.000  -10.000  -10.000  -10.000   -9.9999000
 1.43907E+05  6.9780300E-01  1.250E+11  1.250E+11  1.250E+11  1.250E+11  0.0000000E+00    2.0115731  -10.000  -10.000  -10.000  -10.000   -9.9999000
 1.47260E+05  6.9793920E-01  1.250E+11  1.250E+11  1.250E+11  1.250E+11  0.0000000E+00    2.0116579  -10.000  -10.000  -10.000  -10.000   -9.9999000
 1.50690E+05  6.9770971E-01  1.250E+11  1.250E+11  1.250E+11  1.250E+11  0.0000000E+00    2.0115150  -10.000  -10.000  -10.000  -10.000   -9.9999000
 1.54201E+05  6.9799907E-01  1.250E+11  1.250E+11  1.250E+11  1.250E+11  0.0000000E+00    2.0116951  -10.000  -10.000  -10.000  -10.000   -9.9999000
 1.57793E+05  6.9813985E-01  1.250E+11  1.250E+11  1.250E+11  1.250E+11  0.0000000E+00    2.0117827  -10.000  -10.000  -10.000  -10.000   -9.9999000
 1.61469E+05  6.9829642E-01  1.250E+11  1.250E+11  1.250E+11  1.250E+11  0.0000000E+00    2.0118801  -10.000  -10.000  -10.000  -10.000   -9.9999000
 1.65231E+05  6.9807582E-01  1.250E+11  1.250E+11  1.250E+11  1.250E+11  0.0000000E+00    2.0117429  -10.000  -10.000  -10.000  -10.000   -9.9999000
 1.69080E+05  6.9840674E-01  1.250E+11  1.250E+11  1.250E+11  1.250E+11  0.0000000E+00    2.0119487  -10.000  -10.000  -10.000  -10.000   -9.9999000
 1.73019E+05  6.9844608E-01  1.250E+11  1.250E+11  1.250E+11  1.250E+11  0.0000000E+00    2.0119732  -10.000  -10.000  -10.000  -10.000   -9.9999000
 1.77049E+05  6.9856168E-01  1.250E+11  1.250E+11  1.250E+11  1.250E+11  0.0000000E+00    2.0120450  -10.000  -10.000  -10.000  -10.000   -9.9999000
 1.81174E+05  6.9864300E-01  1.250E+11  1.250E+11  1.250E+11  1.250E+11  0.0000000E+00    2.0120956  -10.000  -10.000  -10.000  -10.000   -9.9999000
 1.85395E+05  6.9849809E-01  1.250E+11  1.250E+11  1.250E+11  1.250E+11  0.0000000E+00    2.0120055  -10.000  -10.000  -10.000  -10.000   -9.9999000
 1.89713E+05  6.9877132E-01  1.250E+11  1.250E+11  1.250E+11  1.250E+11  0.0000000E+00    2.0121753  -10.000  -10.000  -10.000  -10.000   -9.9999000
 1.94133E+05  6.9887023E-01  1.250E+11  1.250E+11  1.250E+11  1.250E+11  0.0000000E+00    2.0122368  -10.000  -10.000  -10.000  -10.000   -9.9999000
 1.98656E+05  6.9900419E-01  1.250E+11  1.250E+11  1.250E+11  1.250E+11  0.0000000E+00    2.0123200  -10.000  -10.000  -10.000  -10.000   -9.9999000
 2.03283E+05  6.9881331E-01  1.250E+11  1.250E+11  1.250E+11  1.250E+11  0.0000000E+00    2.0122014  -10.000  -10.000  -10.000  -10.000   -9.9999000
 2.08019E+05  6.9912992E-01  1.250E+11  1.250E+11  1.250E+11  1.250E+11  0.0000000E+00    2.0123982  -10.000  -10.000  -10.000  -10.000   -9.9999000
 2.12866E+05  6.9918006E-01  1.250E+11  1.250E+11  1.250E+11  1.250E+11  0.0000000E+00    2.0124293  -10.000  -10.000  -10.000  -10.000   -9.9999000
 2.17824E+05  6.9939523E-01  1.250E+11  1.250E+11  1.250E+11  1.250E+11  0.0000000E+00    2.0125629  -10.000  -10.000  -10.000  -10.000   -9.9999000
 2.22898E+05  6.9915778E-01  1.250E+11  1.250E+11  1.250E+11  1.250E+11  0.0000000E+00    2.0124155  -10.000  -10.000  -10.000  -10.000   -9.9999000
 2.28091E+05  6.9943102E-01  1.250E+11  1.250E+11  1.250E+11  1.250E+11  0.0000000E+00    2.0125852  -10.000  -10.000  -10.000  -10.000   -9.9999000
 2.33404E+05  6.9960420E-01  1.250E+11  1.250E+11  1.250E+11  1.250E+11  0.0000000E+00    2.0126927  -10.000  -10.000  -10.000  -10.000   -9.9999000
 2.38841E+05  6.9969534E-01  1.250E+11  1.250E+11  1.250E+11  1.250E+11  0.0000000E+00    2.0127493  -10.000  -10.000  -10.000  -10.000   -9.9999000
 2.44405E+05  6.9983439E-01  1.250E+11  1.250E+11  1.250E+11  1.250E+11  0.0000000E+00    2.0128355  -10.000  -10.000  -10.000  -10.000   -9.9999000
 2.50098E+05  6.9959024E-01  1.250E+11  1.250E+11  1.250E+11  1.250E+11  0.0000000E+00    2.0126840  -10.000  -10.000  -10.000  -10.000   -9.9999000
 2.55925E+05  6.9994979E-01  1.250E+11  1.250E+11  1.250E+11  1.250E+11  0.0000000E+00    2.0129072  -10.000  -10.000  -10.000  -10.000   -9.9999000
 2.61887E+05  7.0008368E-01  1.250E+11  1.250E+11  1.250E+11  1.250E+11  0.0000000E+00    2.0129902  -10.000  -10.000  -10.000  -10.000   -9.9999000
 2.67989E+05  7.0020985E-01  1.250E+11  1.250E+11  1.250E+11  1.250E+11  0.0000000E+00    2.0130685  -10.000  -10.000  -10.000  -10.000   -9.9999000
 2.74230E+05  6.9999845E-01  1.250E+11  1.250E+11  1.250E+11  1.250E+11  0.0000000E+00    2.0129373  -10.000  -10.000  -10.000  -10.000   -9.9999000
 2.80618E+05  7.0034270E-01  1.250E+11  1.250E+11  1.250E+11  1.250E+11  0.0000000E+00    2.0131509  -10.000  -10.000  -10.000  -10.000   -9.9999000
 2.87155E+05  7.0047822E-01  1.250E+11  1.250E+11  1.250E+11  1.250E+11  0.0000000E+00    2.0132349  -10.000  -10.000  -10.000  -10.000   -9.9999000
 2.93844E+05  7.0055436E-01  1.250E+11  1.250E+11  1.250E+11  1.250E+11  0.0000000E+00    2.0132821  -10.000  -10.000  -10.000  -10.000   -9.9999000
 3.00690E+05  7.0033998E-01  1.250E+11  1.250E+11  1.250E+11  1.250E+11  0.0000000E+00    2.0131492  -10.000  -10.000  -10.000  -10.000   -9.9999000
 3.07696E+05  7.0068541E-01  1.250E+11  1.250E+11  1.250E+11  1.250E+11  0.0000000E+00    2.0133633  -10.000  -10.000  -10.000  -10.000   -9.9999000
 3.14861E+05  7.0096155E-01  1.250E+11  1.250E+11  1.250E+11  1.250E+11  0.0000000E+00    2.0135345  -10.000  -10.000  -10.000  -10.000   -9.9999000
 3.22196E+05  7.0094180E-01  1.250E+11  1.250E+11  1.250E+11  1.250E+11  0.0000000E+00    2.0135222  -10.000  -10.000  -10.000  -10.000   -9.9999000
 3.29702E+05  7.0110053E-01  1.250E+11  1.250E+11  1.250E+11  1.250E+11  0.0000000E+00    2.0136206  -10.000  -10.000  -10.000  -10.000   -9.9999000
 3.37382E+05  7.0094186E-01  1.250E+11  1.250E+11  1.250E+11  1.250E+11  0.0000000E+00    2.0135223  -10.000  -10.000  -10.000  -10.000   -9.9999000
 3.45241E+05  7.0122832E-01  1.250E+11  1.250E+11  1.250E+11  1.250E+11  0.0000000E+00    2.0136997  -10.000  -10.000  -10.000  -10.000   -9.9999000
 3.53283E+05  7.0136719E-01  1.250E+11  1.250E+11  1.250E+11  1.250E+11  0.0000000E+00    2.0137857  -10.000  -10.000  -10.000  -10.000   -9.9999000
 3.61513E+05  7.0152379E-01  1.250E+11  1.250E+11  1.250E+11  1.250E+11  0.0000000E+00    2.0138827  -10.000  -10.000  -10.000  -10.000   -9.9999000
 3.69934E+05  7.0134718E-01  1.250E+11  1.250E+11  1.250E+11  1.250E+11  0.0000000E+00    2.0137733  -10.000  -10.000  -10.000  -10.000   -9.9999000
 3.78551E+05  7.0169578E-01  1.250E+11  1.250E+11  1.250E+11  1.250E+11  0.0000000E+00    2.0139891  -10.000  -10.000  -10.000  -10.000   -9.9999000
 3.87369E+05  7.0181372E-01  1.250E+11  1.250E+11  1.250E+11  1.250E+11  0.0000000E+00    2.0140621  -10.000  -10.000  -10.000  -10.000   -9.9999000
 3.96393E+05  7.0192846E-01  1.250E+11  1.250E+11  1.250E+11  1.250E+11  0.0000000E+00    2.0141331  -10.000  -10.000  -10.000  -10.000   -9.9999000
 4.05626E+05  7.0183599E-01  1.250E+11  1.250E+11  1.250E+11  1.250E+11  0.0000000E+00    2.0140759  -10.000  -10.000  -10.000  -10.000   -9.9999000
 4.15075E+05  7.0222205E-01  1.250E+11  1.250E+11  1.250E+11  1.250E+11  0.0000000E+00    2.0143147  -10.000  -10.000  -10.000  -10.000   -9.9999000
 4.24744E+05  7.0232587E-01  1.250E+11  1.250E+11  1.250E+11  1.250E+11  0.0000000E+00    2.0143789  -10.000  -10.000  -10.000  -10.000   -9.9999000
 4.34639E+05  7.0245959E-01  1.250E+11  1.250E+11  1.250E+11  1.250E+11  0.0000000E+00    2.0144616  -10.000  -10.000  -10.000  -10.000   -9.9999000
 4.44763E+05  7.0265898E-01  1.250E+11  1.250E+11  1.250E+11  1.250E+11  0.0000000E+00    2.0145849  -10.000  -10.000  -10.000  -10.000   -9.9999000
 4.55123E+05  7.0242107E-01  1.250E+11  1.250E+11  1.250E+11  1.250E+11  0.0000000E+00    2.0144378  -10.000  -10.000  -10.000  -10.000   -9.9999000
 4.65725E+05  7.0279046E-01  1.250E+11  1.250E+11  1.250E+11  1.250E+11  0.0000000E+00    2.0146661  -10.000  -10.000  -10.000  -10.000   -9.9999000
 4.76574E+05  7.0303623E-01  1.250E+11  1.250E+11  1.250E+11  1.250E+11  0.0000000E+00    2.0148180  -10.000  -10.000  -10.000  -10.000   -9.9999000
 4.87676E+05  7.0305286E-01  1.250E+11  1.250E+11  1.250E+11  1.250E+11  0.0000000E+00    2.0148282  -10.000  -10.000  -10.000  -10.000   -9.9999000
 4.99035E+05  7.0297575E-01  1.250E+11  1.250E+11  1.250E+11  1.250E+11  0.0000000E+00    2.0147806  -10.000  -10.000  -10.000  -10.000   -9.9999000
 5.10661E+05  7.0338672E-01  1.250E+11  1.250E+11  1.250E+11  1.250E+11  0.0000000E+00    2.0150344  -10.000  -10.000  -10.000  -10.000   -9.9999000
 5.22555E+05  7.0354935E-01  1.250E+11  1.250E+11  1.250E+11  1.250E+11  0.0000000E+00    2.0151348  -10.000  -10.000  -10.000  -10.000   -9.9999000
 5.34727E+05  7.0372232E-01  1.250E+11  1.250E+11  1.250E+11  1.250E+11  0.0000000E+00    2.0152416  -10.000  -10.000  -10.000  -10.000   -9.9999000
 5.47185E+05  7.0376413E-01  1.250E+11  1.250E+11  1.250E+11  1.250E+11  0.0000000E+00    2.0152674  -10.000  -10.000  -10.000  -10.000   -9.9999000
 5.59929E+05  7.0367292E-01  1.250E+11  1.250E+11  1.250E+11  1.250E+11  0.0000000E+00    2.0152111  -10.000  -10.000  -10.000  -10.000   -9.9999000
 5.72972E+05  7.0412738E-01  1.250E+11  1.250E+11  1.250E+11  1.250E+11  0.0000000E+00    2.0154915  -10.000  -10.000  -10.000  -10.000   -9.9999000
 5.86319E+05  7.0430018E-01  1.250E+11  1.250E+11  1.250E+11  1.250E+11  0.0000000E+00    2.0155981  -10.000  -10.000  -10.000  -10.000   -9.9999000
 5.99977E+05  7.0441792E-01  1.250E+11  1.250E+11  1.250E+11  1.250E+11  0.0000000E+00    2.0156707  -10.000  -10.000  -10.000  -10.000   -9.9999000
 6.13952E+05  7.0434370E-01  1.250E+11  1.250E+11  1.250E+11  1.250E+11  0.0000000E+00    2.0156249  -10.000  -10.000  -10.000  -10.000   -9.9999000
 6.28254E+05  7.0480215E-01  1.250E+11  1.250E+11  1.250E+11  1.250E+11  0.0000000E+00    2.0159075  -10.000  -10.000  -10.000  -10.000   -9.9999000
 6.42888E+05  7.0490819E-01  1.250E+11  1.250E+11  1.250E+11  1.250E+11  0.0000000E+00    2.0159728  -10.000  -10.000  -10.000  -10.000   -9.9999000
 6.57864E+05  7.0501479E-01  1.250E+11  1.250E+11  1.250E+11  1.250E+11  0.0000000E+00    2.0160385  -10.000  -10.000  -10.000  -10.000   -9.9999000
 6.73188E+05  7.0516748E-01  1.250E+11  1.250E+11  1.250E+11  1.250E+11  0.0000000E+00    2.0161325  -10.000  -10.000  -10.000  -10.000   -9.9999000
 6.88869E+05  7.0527536E-01  1.250E+11  1.250E+11  1.250E+11  1.250E+11  0.0000000E+00    2.0161990  -10.000  -10.000  -10.000  -10.000   -9.9999000
 7.04916E+05  7.0517570E-01  1.250E+11  1.250E+11  1.250E+11  1.250E+11  0.0000000E+00    2.0161376  -10.000  -10.000  -10.000  -10.000   -9.9999000
 7.21335E+05  7.0556315E-01  1.250E+11  1.250E+11  1.250E+11  1.250E+11  0.0000000E+00    2.0163762  -10.000  -10.000  -10.000  -10.000   -9.9999000
 7.38138E+05  7.0574966E-01  1.250E+11  1.250E+11  1.250E+11  1.250E+11  0.0000000E+00    2.0164909  -10.000  -10.000  -10.000  -10.000   -9.9999000
 7.55332E+05  7.0599760E-01  1.250E+11  1.250E+11  1.250E+11  1.250E+11  0.0000000E+00    2.0166435  -10.000  -10.000  -10.000  -10.000   -9.9999000
 7.72926E+05  7.0582512E-01  1.250E+11  1.250E+11  1.250E+11  1.250E+11  0.0000000E+00    2.0165374  -10.000  -10.000  -10.000  -10.000   -9.9999000
 7.90931E+05  7.0627796E-01  1.250E+11  1.250E+11  1.250E+11  1.250E+11  0.0000000E+00    2.0168159  -10.000  -10.000  -10.000  -10.000   -9.9999000
 8.09355E+05  7.0637744E-01  1.250E+11  1.250E+11  1.250E+11  1.250E+11  0.0000000E+00    2.0168771  -10.000  -10.000  -10.000  -10.000   -9.9999000
 8.28207E+05  7.0652570E-01  1.250E+11  1.250E+11  1.250E+11  1.250E+11  0.0000000E+00    2.0169682  -10.000  -10.000  -10.000  -10.000   -9.9999000
 8.47499E+05  7.0684615E-01  1.250E+11  1.250E+11  1.250E+11  1.250E+11  0.0000000E+00    2.0171652  -10.000  -10.000  -10.000  -10.000   -9.9999000
 8.67241E+05  7.0699277E-01  1.250E+11  1.250E+11  1.250E+11  1.250E+11  0.0000000E+00    2.0172552  -10.000  -10.000  -10.000  -10.000   -9.9999000
 8.87442E+05  7.0677487E-01  1.250E+11  1.250E+11  1.250E+11  1.250E+11  0.0000000E+00    2.0171214  -10.000  -10.000  -10.000  -10.000   -9.9999000
 9.08114E+05  7.0716929E-01  1.250E+11  1.250E+11  1.250E+11  1.250E+11  0.0000000E+00    2.0173637  -10.000  -10.000  -10.000  -10.000   -9.9999000
 9.29267E+05  7.0747130E-01  1.250E+11  1.250E+11  1.250E+11  1.250E+11  0.0000000E+00    2.0175491  -10.000  -10.000  -10.000  -10.000   -9.9999000
 9.50913E+05  7.0757850E-01  1.250E+11  1.250E+11  1.250E+11  1.250E+11  0.0000000E+00    2.0176149  -10.000  -10.000  -10.000  -10.000   -9.9999000
 9.73063E+05  7.0750658E-01  1.250E+11  1.250E+11  1.250E+11  1.250E+11  0.0000000E+00    2.0175707  -10.000  -10.000  -10.000  -10.000   -9.9999000
 9.95729E+05  7.0790379E-01  1.250E+11  1.250E+11  1.250E+11  1.250E+11  0.0000000E+00    2.0178145  -10.000  -10.000  -10.000  -10.000   -9.9999000
 1.01892E+06  7.0810996E-01  1.250E+11  1.250E+11  1.250E+11  1.250E+11  0.0000000E+00    2.0179410  -10.000  -10.000  -10.000  -10.000   -9.9999000
 1.04266E+06  7.0837382E-01  1.250E+11  1.250E+11  1.250E+11  1.250E+11  0.0000000E+00    2.0181028  -10.000  -10.000  -10.000  -10.000   -9.9999000
 1.06694E+06  7.0848849E-01  1.250E+11  1.250E+11  1.250E+11  1.250E+11  0.0000000E+00    2.0181731  -10.000  -10.000  -10.000  -10.000   -9.9999000
 1.09180E+06  7.0838870E-01  1.250E+11  1.250E+11  1.250E+11  1.250E+11  0.0000000E+00    2.0181119  -10.000  -10.000  -10.000  -10.000   -9.9999000
 1.11723E+06  7.0883424E-01  1.250E+11  1.250E+11  1.250E+11  1.250E+11  0.0000000E+00    2.0183850  -10.000  -10.000  -10.000  -10.000   -9.9999000
 1.14325E+06  7.0912777E-01  1.250E+11  1.250E+11  1.250E+11  1.250E+11  0.0000000E+00    2.0185648  -10.000  -10.000  -10.000  -10.000   -9.9999000
 1.16988E+06  7.0924493E-01  1.250E+11  1.250E+11  1.250E+11  1.250E+11  0.0000000E+00    2.0186365  -10.000  -10.000  -10.000  -10.000   -9.9999000
 1.19713E+06  7.0931741E-01  1.250E+11  1.250E+11  1.250E+11  1.250E+11  0.0000000E+00    2.0186809  -10.000  -10.000  -10.000  -10.000   -9.9999000
 1.22502E+06  7.0931418E-01  1.250E+11  1.250E+11  1.250E+11  1.250E+11  0.0000000E+00    2.0186789  -10.000  -10.000  -10.000  -10.000   -9.9999000
 1.25355E+06  7.0973694E-01  1.250E+11  1.250E+11  1.250E+11  1.250E+11  0.0000000E+00    2.0189377  -10.000  -10.000  -10.000  -10.000   -9.9999000
 1.28275E+06  7.1001705E-01  1.250E+11  1.250E+11  1.250E+11  1.250E+11  0.0000000E+00    2.0191090  -10.000  -10.000  -10.000  -10.000   -9.9999000
 1.31263E+06  7.1017101E-01  1.250E+11  1.250E+11  1.250E+11  1.250E+11  0.0000000E+00    2.0192032  -10.000  -10.000  -10.000  -10.000   -9.9999000
 1.34321E+06  7.1040182E-01  1.250E+11  1.250E+11  1.250E+11  1.250E+11  0.0000000E+00    2.0193443  -10.000  -10.000  -10.000  -10.000   -9.9999000
 1.37450E+06  7.1032192E-01  1.250E+11  1.250E+11  1.250E+11  1.250E+11  0.0000000E+00    2.0192955  -10.000  -10.000  -10.000  -10.000   -9.9999000
 1.40651E+06  7.1079215E-01  1.250E+11  1.250E+11  1.250E+11  1.250E+11  0.0000000E+00    2.0195829  -10.000  -10.000  -10.000  -10.000   -9.9999000
 1.43928E+06  7.1108355E-01  1.250E+11  1.250E+11  1.250E+11  1.250E+11  0.0000000E+00    2.0197609  -10.000  -10.000  -10.000  -10.000   -9.9999000
 1.47280E+06  7.1126925E-01  1.250E+11  1.250E+11  1.250E+11  1.250E+11  0.0000000E+00    2.0198743  -10.000  -10.000  -10.000  -10.000   -9.9999000
 1.50711E+06  7.1103410E-01  1.250E+11  1.250E+11  1.250E+11  1.250E+11  0.0000000E+00    2.0197307  -10.000  -10.000  -10.000  -10.000   -9.9999000
 1.54221E+06  7.1159533E-01  1.250E+11  1.250E+11  1.250E+11  1.250E+11  0.0000000E+00    2.0200734  -10.000  -10.000  -10.000  -10.000   -9.9999000
 1.57814E+06  7.1186290E-01  1.250E+11  1.250E+11  1.250E+11  1.250E+11  0.0000000E+00    2.0202366  -10.000  -10.000  -10.000  -10.000   -9.9999000
 1.61490E+06  7.1209384E-01  1.250E+11  1.250E+11  1.250E+11  1.250E+11  0.0000000E+00    2.0203775  -10.000  -10.000  -10.000  -10.000   -9.9999000
 1.65251E+06  7.1227387E-01  1.250E+11  1.250E+11  1.250E+11  1.250E+11  0.0000000E+00    2.0204873  -10.000  -10.000  -10.000  -10.000   -9.9999000
 1.69101E+06  7.1217114E-01  1.250E+11  1.250E+11  1.250E+11  1.250E+11  0.0000000E+00    2.0204246  -10.000  -10.000  -10.000  -10.000   -9.9999000
 1.73040E+06  7.1269903E-01  1.250E+11  1.250E+11  1.250E+11  1.250E+11  0.0000000E+00    2.0207464  -10.000  -10.000  -10.000  -10.000   -9.9999000
 1.77070E+06  7.1289026E-01  1.250E+11  1.250E+11  1.250E+11  1.250E+11  0.0000000E+00    2.0208629  -10.000  -10.000  -10.000  -10.000   -9.9999000
 1.81195E+06  7.1330046E-01  1.250E+11  1.250E+11  1.250E+11  1.250E+11  0.0000000E+00    2.0211128  -10.000  -10.000  -10.000  -10.000   -9.9999000
 1.85415E+06  7.1324974E-01  1.250E+11  1.250E+11  1.250E+11  1.250E+11  0.0000000E+00    2.0210819  -10.000  -10.000  -10.000  -10.000   -9.9999000
 1.89734E+06  7.1381810E-01  1.250E+11  1.250E+11  1.250E+11  1.250E+11  0.0000000E+00    2.0214278  -10.000  -10.000  -10.000  -10.000   -9.9999000
 1.94154E+06  7.1413486E-01  1.250E+11  1.250E+11  1.250E+11  1.250E+11  0.0000000E+00    2.0216205  -10.000  -10.000  -10.000  -10.000   -9.9999000
 1.98676E+06  7.1431381E-01  1.250E+11  1.250E+11  1.250E+11  1.250E+11  0.0000000E+00    2.0217293  -10.000  -10.000  -10.000  -10.000   -9.9999000
 2.03304E+06  7.1427826E-01  1.250E+11  1.250E+11  1.250E+11  1.250E+11  0.0000000E+00    2.0217077  -10.000  -10.000  -10.000  -10.000   -9.9999000
 2.08040E+06  7.1482297E-01  1.250E+11  1.250E+11  1.250E+11  1.250E+11  0.0000000E+00    2.0220388  -10.000  -10.000  -10.000  -10.000   -9.9999000
 2.12886E+06  7.1496588E-01  1.250E+11  1.250E+11  1.250E+11  1.250E+11  0.0000000E+00    2.0221256  -10.000  -10.000  -10.000  -10.000   -9.9999000
 2.17845E+06  7.1533731E-01  1.250E+11  1.250E+11  1.250E+11  1.250E+11  0.0000000E+00    2.0223511  -10.000  -10.000  -10.000  -10.000   -9.9999000
 2.22919E+06  7.1550928E-01  1.250E+11  1.250E+11  1.250E+11  1.250E+11  0.0000000E+00    2.0224555  -10.000  -10.000  -10.000  -10.000   -9.9999000
 2.28111E+06  7.1554645E-01  1.250E+11  1.250E+11  1.250E+11  1.250E+11  0.0000000E+00    2.0224781  -10.000  -10.000  -10.000  -10.000   -9.9999000
 2.33425E+06  7.1612735E-01  1.250E+11  1.250E+11  1.250E+11  1.250E+11  0.0000000E+00    2.0228305  -10.000  -10.000  -10.000  -10.000   -9.9999000
 2.38862E+06  7.1647510E-01  1.250E+11  1.250E+11  1.250E+11  1.250E+11  0.0000000E+00    2.0230414  -10.000  -10.000  -10.000  -10.000   -9.9999000
 2.44426E+06  7.1676407E-01  1.250E+11  1.250E+11  1.250E+11  1.250E+11  0.0000000E+00    2.0232165  -10.000  -10.000  -10.000  -10.000   -9.9999000
 2.50119E+06  7.1669641E-01  1.250E+11  1.250E+11  1.250E+11  1.250E+11  0.0000000E+00    2.0231755  -10.000  -10.000  -10.000  -10.000   -9.9999000
 2.55945E+06  7.1723189E-01  1.250E+11  1.250E+11  1.250E+11  1.250E+11  0.0000000E+00    2.0234999  -10.000  -10.000  -10.000  -10.000   -9.9999000
 2.61907E+06  7.1759427E-01  1.250E+11  1.250E+11  1.250E+11  1.250E+11  0.0000000E+00    2.0237192  -10.000  -10.000  -10.000  -10.000   -9.9999000
 2.68008E+06  7.1781873E-01  1.250E+11  1.250E+11  1.250E+11  1.250E+11  0.0000000E+00    2.0238551  -10.000  -10.000  -10.000  -10.000   -9.9999000
 2.74251E+06  7.1785323E-01  1.250E+11  1.250E+11  1.250E+11  1.250E+11  0.0000000E+00    2.0238759  -10.000  -10.000  -10.000  -10.000   -9.9999000
 2.80639E+06  7.1843835E-01  1.250E+11  1.250E+11  1.250E+11  1.250E+11  0.0000000E+00    2.0242298  -10.000  -10.000  -10.000  -10.000   -9.9999000
 2.87176E+06  7.1866522E-01  1.250E+11  1.250E+11  1.250E+11  1.250E+11  0.0000000E+00    2.0243669  -10.000  -10.000  -10.000  -10.000   -9.9999000
 2.93865E+06  7.1906306E-01  1.250E+11  1.250E+11  1.250E+11  1.250E+11  0.0000000E+00    2.0246072  -10.000  -10.000  -10.000  -10.000   -9.9999000
 3.00710E+06  7.1924146E-01  1.250E+11  1.250E+11  1.250E+11  1.250E+11  0.0000000E+00    2.0247150  -10.000  -10.000  -10.000  -10.000   -9.9999000
 3.07715E+06  7.1979978E-01  1.250E+11  1.250E+11  1.250E+11  1.250E+11  0.0000000E+00    2.0250520  -10.000  -10.000  -10.000  -10.000   -9.9999000
 3.14882E+06  7.2017563E-01  1.250E+11  1.250E+11  1.250E+11  1.250E+11  0.0000000E+00    2.0252787  -10.000  -10.000  -10.000  -10.000   -9.9999000
 3.22217E+06  7.2055504E-01  1.250E+11  1.250E+11  1.250E+11  1.250E+11  0.0000000E+00    2.0255074  -10.000  -10.000  -10.000  -10.000   -9.9999000
 3.29722E+06  7.2067587E-01  1.250E+11  1.250E+11  1.250E+11  1.250E+11  0.0000000E+00    2.0255803  -10.000  -10.000  -10.000  -10.000   -9.9999000
 3.37402E+06  7.2124616E-01  1.250E+11  1.250E+11  1.250E+11  1.250E+11  0.0000000E+00    2.0259238  -10.000  -10.000  -10.000  -10.000   -9.9999000
 3.45262E+06  7.2176088E-01  1.250E+11  1.250E+11  1.250E+11  1.250E+11  0.0000000E+00    2.0262336  -10.000  -10.000  -10.000  -10.000   -9.9999000
 3.53304E+06  7.2214906E-01  1.250E+11  1.250E+11  1.250E+11  1.250E+11  0.0000000E+00    2.0264671  -10.000  -10.000  -10.000  -10.000   -9.9999000
 3.61533E+06  7.2212501E-01  1.250E+11  1.250E+11  1.250E+11  1.250E+11  0.0000000E+00    2.0264527  -10.000  -10.000  -10.000  -10.000   -9.9999000
 3.69955E+06  7.2286765E-01  1.250E+11  1.250E+11  1.250E+11  1.250E+11  0.0000000E+00    2.0268991  -10.000  -10.000  -10.000  -10.000   -9.9999000
 3.78572E+06  7.2322941E-01  1.250E+11  1.250E+11  1.250E+11  1.250E+11  0.0000000E+00    2.0271163  -10.000  -10.000  -10.000  -10.000   -9.9999000
 3.87390E+06  7.2370550E-01  1.250E+11  1.250E+11  1.250E+11  1.250E+11  0.0000000E+00    2.0274021  -10.000  -10.000  -10.000  -10.000   -9.9999000
 3.96414E+06  7.2378523E-01  1.250E+11  1.250E+11  1.250E+11  1.250E+11  0.0000000E+00    2.0274500  -10.000  -10.000  -10.000  -10.000   -9.9999000
 4.05647E+06  7.2450601E-01  1.250E+11  1.250E+11  1.250E+11  1.250E+11  0.0000000E+00    2.0278823  -10.000  -10.000  -10.000  -10.000   -9.9999000
 4.15096E+06  7.2482684E-01  1.250E+11  1.250E+11  1.250E+11  1.250E+11  0.0000000E+00    2.0280745  -10.000  -10.000  -10.000  -10.000   -9.9999000
 4.24765E+06  7.2477902E-01  1.250E+11  1.250E+11  1.250E+11  1.250E+11  0.0000000E+00    2.0280459  -10.000  -10.000  -10.000  -10.000   -9.9999000
 4.34659E+06  7.2551670E-01  1.250E+11  1.250E+11  1.250E+11  1.250E+11  0.0000000E+00    2.0284877  -10.000  -10.000  -10.000  -10.000   -9.9999000
 4.44784E+06  7.2590047E-01  1.250E+11  1.250E+11  1.250E+11  1.250E+11  0.0000000E+00    2.0287173  -10.000  -10.000  -10.000  -10.000   -9.9999000
 4.55144E+06  7.2626563E-01  1.250E+11  1.250E+11  1.250E+11  1.250E+11  0.0000000E+00    2.0289358  -10.000  -10.000  -10.000  -10.000   -9.9999000
 4.65746E+06  7.2645773E-01  1.250E+11  1.250E+11  1.250E+11  1.250E+11  0.0000000E+00    2.0290506  -10.000  -10.000  -10.000  -10.000   -9.9999000
