 8.00200E+01  6.6145291E-01  1.250E+11  1.250E+11  1.250E+11  1.250E+11  0.0000000E+00    2.0006660  -10.000  -10.000  -10.000  -10.000   -9.9999000
 1.59660E+02  6.6177044E-01  1.250E+11  1.250E+11  1.250E+11  1.250E+11  0.0000000E+00    2.0008744  -10.000  -10.000  -10.000  -10.000   -9.9999000
 2.39030E+02  6.6246747E-01  1.250E+11  1.250E+11  1.250E+11  1.250E+11  0.0000000E+00    2.0013316  -10.000  -10.000  -10.000  -10.000   -9.9999000
 3.18840E+02  6.6263814E-01  1.250E+11  1.250E+11  1.250E+11  1.250E+11  0.0000000E+00    2.0014435  -10.000  -10.000  -10.000  -10.000   -9.9999000
 3.98210E+02  6.6321520E-01  1.250E+11  1.250E+11  1.250E+11  1.250E+11  0.0000000E+00    2.0018216  -10.000  -10.000  -10.000  -10.000   -9.9999000
 4.78340E+02  6.6333130E-01  1.250E+11  1.250E+11  1.250E+11  1.250E+11  0.0000000E+00    2.0018976  -10.000  -10.000  -10.000  -10.000   -9.9999000
 5.57710E+02  6.6384454E-01  1.250E+11  1.250E+11  1.250E+11  1.250E+11  0.0000000E+00    2.0022335  -10.000  -10.000  -10.000  -10.000   -9.9999000
 6.37410E+02  6.6385763E-01  1.250E+11  1.250E+11  1.250E+11  1.250E+11  0.0000000E+00    2.0022420  -10.000  -10.000  -10.000  -10.000   -9.9999000
 7.16770E+02  6.6429275E-01  1.250E+11  1.250E+11  1.250E+11  1.250E+11  0.0000000E+00    2.0025266  -10.000  -10.000  -10.000  -10.000   -9.9999000
 7.96200E+02  6.6425586E-01  1.250E+11  1.250E+11  1.250E+11  1.250E+11  0.0000000E+00    2.0025025  -10.000  -10.000  -10.000  -10.000   -9.9999000
 8.76000E+02  6.6443057E-01  1.250E+11  1.250E+11  1.250E+11  1.250E+11  0.0000000E+00    2.0026167  -10.000  -10.000  -10.000  -10.000   -9.9999000
 9.55810E+02  6.6486085E-01  1.250E+11  1.250E+11  1.250E+11  1.250E+11  0.0000000E+00    2.0028978  -10.000  -10.000  -10.000  -10.000   -9.9999000
 1.03518E+03  6.6481682E-01  1.250E+11  1.250E+11  1.250E+11  1.250E+11  0.0000000E+00    2.0028691  -10.000  -10.000  -10.000  -10.000   -9.9999000
 1.11537E+03  6.6518970E-01  1.250E+11  1.250E+11  1.250E+11  1.250E+11  0.0000000E+00    2.0031126  -10.000  -10.000  -10.000  -10.000   -9.9999000
 1.19474E+03  6.6510161E-01  1.250E+11  1.250E+11  1.250E+11  1.250E+11  0.0000000E+00    2.0030551  -10.000  -10.000  -10.000  -10.000   -9.9999000
 1.27421E+03  6.6544689E-01  1.250E+11  1.250E+11  1.250E+11  1.250E+11  0.0000000E+00    2.0032805  -10.000  -10.000  -10.000  -10.000   -9.9999000
 1.35424E+03  6.6532259E-01  1.250E+11  1.250E+11  1.250E+11  1.250E+11  0.0000000E+00    2.0031994  -10.000  -10.000  -10.000  -10.000   -9.9999000
 1.43355E+03  6.6564740E-01  1.250E+11  1.250E+11  1.250E+11  1.250E+11  0.0000000E+00    2.0034113  -10.000  -10.000  -10.000  -10.000   -9.9999000
 1.51292E+03  6.6551400E-01  1.250E+11  1.250E+11  1.250E+11  1.250E+11  0.0000000E+00    2.0033243  -10.000  -10.000  -10.000  -10.000   -9.9999000
 1.59240E+03  6.6586177E-01  1.250E+11  1.250E+11  1.250E+11  1.250E+11  0.0000000E+00    2.0035512  -10.000  -10.000  -10.000  -10.000   -9.9999000
 1.67187E+03  6.6575440E-01  1.250E+11  1.250E+11  1.250E+11  1.250E+11  0.0000000E+00    2.0034811  -10.000  -10.000  -10.000  -10.000   -9.9999000
 1.75119E+03  6.6609448E-01  1.250E+11  1.250E+11  1.250E+11  1.250E+11  0.0000000E+00    2.0037029  -10.000  -10.000  -10.000  -10.000   -9.9999000
 1.83110E+03  6.6598268E-01  1.250E+11  1.250E+11  1.250E+11  1.250E+11  0.0000000E+00    2.0036300  -10.000  -10.000  -10.000  -10.000   -9.9999000
 1.91047E+03  6.6629192E-01  1.250E+11  1.250E+11  1.250E+11  1.250E+11  0.0000000E+00    2.0038316  -10.000  -10.000  -10.000  -10.000   -9.9999000
 1.98995E+03  6.6616260E-01  1.250E+11  1.250E+11  1.250E+11  1.250E+11  0.0000000E+00    2.0037473  -10.000  -10.000  -10.000  -10.000   -9.9999000
 2.06931E+03  6.6620958E-01  1.250E+11  1.250E+11  1.250E+11  1.250E+11  0.0000000E+00    2.0037780  -10.000  -10.000  -10.000  -10.000   -9.9999000
 2.14940E+03  6.6653708E-01  1.250E+11  1.250E+11  1.250E+11  1.250E+11  0.0000000E+00    2.0039914  -10.000  -10.000  -10.000  -10.000   -9.9999000
 2.22882E+03  6.6639194E-01  1.250E+11  1.250E+11  1.250E+11  1.250E+11  0.0000000E+00    2.0038968  -10.000  -10.000  -10.000  -10.000   -9.9999000
 2.30830E+03  6.6666841E-01  1.250E+11  1.250E+11  1.250E+11  1.250E+11  0.0000000E+00    2.0040770  -10.000  -10.000  -10.000  -10.000   -9.9999000
 2.38821E+03  6.6651974E-01  1.250E+11  1.250E+11  1.250E+11  1.250E+11  0.0000000E+00    2.0039801  -10.000  -10.000  -10.000  -10.000   -9.9999000
 2.46769E+03  6.6680475E-01  1.250E+11  1.250E+11  1.250E+11  1.250E+11  0.0000000E+00    2.0041658  -10.000  -10.000  -10.000  -10.000   -9.9999000
 2.54706E+03  6.6664465E-01  1.250E+11  1.250E+11  1.250E+11  1.250E+11  0.0000000E+00    2.0040615  -10.000  -10.000  -10.000  -10.000   -9.9999000
 2.62747E+03  6.6693514E-01  1.250E+11  1.250E+11  1.250E+11  1.250E+11  0.0000000E+00    2.0042507  -10.000  -10.000  -10.000  -10.000   -9.9999000
 2.70513E+03  6.6678647E-01  1.250E+11  1.250E+11  1.250E+11  1.250E+11  0.0000000E+00    2.0041539  -10.000  -10.000  -10.000  -10.000   -9.9999000
 2.78494E+03  6.6706105E-01  1.250E+11  1.250E+11  1.250E+11  1.250E+11  0.0000000E+00    2.0043327  -10.000  -10.000  -10.000  -10.000   -9.9999000
 2.86425E+03  6.6689411E-01  1.250E+11  1.250E+11  1.250E+11  1.250E+11  0.0000000E+00    2.0042240  -10.000  -10.000  -10.000  -10.000   -9.9999000
 2.94345E+03  6.6717515E-01  1.250E+11  1.250E+11  1.250E+11  1.250E+11  0.0000000E+00    2.0044069  -10.000  -10.000  -10.000  -10.000   -9.9999000
 3.01881E+03  6.6699104E-01  1.250E+11  1.250E+11  1.250E+11  1.250E+11  0.0000000E+00    2.0042871  -10.000  -10.000  -10.000  -10.000   -9.9999000
 3.09856E+03  6.6705299E-01  1.250E+11  1.250E+11  1.250E+11  1.250E+11  0.0000000E+00    2.0043274  -10.000  -10.000  -10.000  -10.000   -9.9999000
 3.17760E+03  6.6731978E-01  1.250E+11  1.250E+11  1.250E+11  1.250E+11  0.0000000E+00    2.0045011  -10.000  -10.000  -10.000  -10.000   -9.9999000
 3.25494E+03  6.6715415E-01  1.250E+11  1.250E+11  1.250E+11  1.250E+11  0.0000000E+00    2.0043933  -10.000  -10.000  -10.000  -10.000   -9.9999000
 3.33156E+03  6.6738878E-01  1.250E+11  1.250E+11  1.250E+11  1.250E+11  0.0000000E+00    2.0045460  -10.000  -10.000  -10.000  -10.000   -9.9999000
 3.41070E+03  6.6722718E-01  1.250E+11  1.250E+11  1.250E+11  1.250E+11  0.0000000E+00    2.0044408  -10.000  -10.000  -10.000  -10.000   -9.9999000
 3.48628E+03  6.6752449E-01  1.250E+11  1.250E+11  1.250E+11  1.250E+11  0.0000000E+00    2.0046343  -10.000  -10.000  -10.000  -10.000   -9.9999000
 3.56241E+03  6.6732460E-01  1.250E+11  1.250E+11  1.250E+11  1.250E+11  0.0000000E+00    2.0045042  -10.000  -10.000  -10.000  -10.000   -9.9999000
 3.64134E+03  6.6759420E-01  1.250E+11  1.250E+11  1.250E+11  1.250E+11  0.0000000E+00    2.0046796  -10.000  -10.000  -10.000  -10.000   -9.9999000
 3.71818E+03  6.6741397E-01  1.250E+11  1.250E+11  1.250E+11  1.250E+11  0.0000000E+00    2.0045624  -10.000  -10.000  -10.000  -10.000   -9.9999000
 3.79408E+03  6.6765566E-01  1.250E+11  1.250E+11  1.250E+11  1.250E+11  0.0000000E+00    2.0047196  -10.000  -10.000  -10.000  -10.000   -9.9999000
 3.87411E+03  6.6747286E-01  1.250E+11  1.250E+11  1.250E+11  1.250E+11  0.0000000E+00    2.0046007  -10.000  -10.000  -10.000  -10.000   -9.9999000
 3.94947E+03  6.6773637E-01  1.250E+11  1.250E+11  1.250E+11  1.250E+11  0.0000000E+00    2.0047721  -10.000  -10.000  -10.000  -10.000   -9.9999000
 4.03318E+03  6.6755364E-01  1.250E+11  1.250E+11  1.250E+11  1.250E+11  0.0000000E+00    2.0046533  -10.000  -10.000  -10.000  -10.000   -9.9999000
 4.10875E+03  6.6755364E-01  1.250E+11  1.250E+11  1.250E+11  1.250E+11  0.0000000E+00    2.0046533  -10.000  -10.000  -10.000  -10.000   -9.9999000
 4.11738E+03  6.6757088E-01  1.250E+11  1.250E+11  1.250E+11  1.250E+11  0.0000000E+00    2.0046645  -10.000  -10.000  -10.000  -10.000   -9.9999000
 4.19175E+03  6.6787485E-01  1.250E+11  1.250E+11  1.250E+11  1.250E+11  0.0000000E+00    2.0048622  -10.000  -10.000  -10.000  -10.000   -9.9999000
 4.27260E+03  6.6767361E-01  1.250E+11  1.250E+11  1.250E+11  1.250E+11  0.0000000E+00    2.0047313  -10.000  -10.000  -10.000  -10.000   -9.9999000
 4.34856E+03  6.6795119E-01  1.250E+11  1.250E+11  1.250E+11  1.250E+11  0.0000000E+00    2.0049118  -10.000  -10.000  -10.000  -10.000   -9.9999000
 4.42562E+03  6.6774057E-01  1.250E+11  1.250E+11  1.250E+11  1.250E+11  0.0000000E+00    2.0047748  -10.000  -10.000  -10.000  -10.000   -9.9999000
 4.52844E+03  6.6800615E-01  1.250E+11  1.250E+11  1.250E+11  1.250E+11  0.0000000E+00    2.0049476  -10.000  -10.000  -10.000  -10.000   -9.9999000
 4.60006E+03  6.6800615E-01  1.250E+11  1.250E+11  1.250E+11  1.250E+11  0.0000000E+00    2.0049476  -10.000  -10.000  -10.000  -10.000   -9.9999000
 4.61022E+03  6.6782456E-01  1.250E+11  1.250E+11  1.250E+11  1.250E+11  0.0000000E+00    2.0048295  -10.000  -10.000  -10.000  -10.000   -9.9999000
 4.68959E+03  6.6807214E-01  1.250E+11  1.250E+11  1.250E+11  1.250E+11  0.0000000E+00    2.0049904  -10.000  -10.000  -10.000  -10.000   -9.9999000
 4.76456E+03  6.6787788E-01  1.250E+11  1.250E+11  1.250E+11  1.250E+11  0.0000000E+00    2.0048641  -10.000  -10.000  -10.000  -10.000   -9.9999000
 4.84157E+03  6.6787788E-01  1.250E+11  1.250E+11  1.250E+11  1.250E+11  0.0000000E+00    2.0048641  -10.000  -10.000  -10.000  -10.000   -9.9999000
 4.85118E+03  6.6815113E-01  1.250E+11  1.250E+11  1.250E+11  1.250E+11  0.0000000E+00    2.0050418  -10.000  -10.000  -10.000  -10.000   -9.9999000
 4.92808E+03  6.6796994E-01  1.250E+11  1.250E+11  1.250E+11  1.250E+11  0.0000000E+00    2.0049240  -10.000  -10.000  -10.000  -10.000   -9.9999000
 5.00321E+03  6.6822843E-01  1.250E+11  1.250E+11  1.250E+11  1.250E+11  0.0000000E+00    2.0050920  -10.000  -10.000  -10.000  -10.000   -9.9999000
 5.08555E+03  6.6802577E-01  1.250E+11  1.250E+11  1.250E+11  1.250E+11  0.0000000E+00    2.0049603  -10.000  -10.000  -10.000  -10.000   -9.9999000
 5.15959E+03  6.6802577E-01  1.250E+11  1.250E+11  1.250E+11  1.250E+11  0.0000000E+00    2.0049603  -10.000  -10.000  -10.000  -10.000   -9.9999000
 5.16854E+03  6.6803565E-01  1.250E+11  1.250E+11  1.250E+11  1.250E+11  0.0000000E+00    2.0049667  -10.000  -10.000  -10.000  -10.000   -9.9999000
 5.24824E+03  6.6832481E-01  1.250E+11  1.250E+11  1.250E+11  1.250E+11  0.0000000E+00    2.0051547  -10.000  -10.000  -10.000  -10.000   -9.9999000
 5.32727E+03  6.6812808E-01  1.250E+11  1.250E+11  1.250E+11  1.250E+11  0.0000000E+00    2.0050268  -10.000  -10.000  -10.000  -10.000   -9.9999000
 5.40214E+03  6.6812808E-01  1.250E+11  1.250E+11  1.250E+11  1.250E+11  0.0000000E+00    2.0050268  -10.000  -10.000  -10.000  -10.000   -9.9999000
 5.41071E+03  6.6837641E-01  1.250E+11  1.250E+11  1.250E+11  1.250E+11  0.0000000E+00    2.0051882  -10.000  -10.000  -10.000  -10.000   -9.9999000
 5.48387E+03  6.6818508E-01  1.250E+11  1.250E+11  1.250E+11  1.250E+11  0.0000000E+00    2.0050639  -10.000  -10.000  -10.000  -10.000   -9.9999000
 5.56219E+03  6.6818508E-01  1.250E+11  1.250E+11  1.250E+11  1.250E+11  0.0000000E+00    2.0050639  -10.000  -10.000  -10.000  -10.000   -9.9999000
 5.57241E+03  6.6846477E-01  1.250E+11  1.250E+11  1.250E+11  1.250E+11  0.0000000E+00    2.0052456  -10.000  -10.000  -10.000  -10.000   -9.9999000
 5.64623E+03  6.6825409E-01  1.250E+11  1.250E+11  1.250E+11  1.250E+11  0.0000000E+00    2.0051087  -10.000  -10.000  -10.000  -10.000   -9.9999000
 5.72367E+03  6.6851226E-01  1.250E+11  1.250E+11  1.250E+11  1.250E+11  0.0000000E+00    2.0052765  -10.000  -10.000  -10.000  -10.000   -9.9999000
 5.79738E+03  6.6851226E-01  1.250E+11  1.250E+11  1.250E+11  1.250E+11  0.0000000E+00    2.0052765  -10.000  -10.000  -10.000  -10.000   -9.9999000
 5.80732E+03  6.6832082E-01  1.250E+11  1.250E+11  1.250E+11  1.250E+11  0.0000000E+00    2.0051521  -10.000  -10.000  -10.000  -10.000   -9.9999000
 5.88504E+03  6.6859561E-01  1.250E+11  1.250E+11  1.250E+11  1.250E+11  0.0000000E+00    2.0053306  -10.000  -10.000  -10.000  -10.000   -9.9999000
 5.95952E+03  6.6859561E-01  1.250E+11  1.250E+11  1.250E+11  1.250E+11  0.0000000E+00    2.0053306  -10.000  -10.000  -10.000  -10.000   -9.9999000
 5.96908E+03  6.6840450E-01  1.250E+11  1.250E+11  1.250E+11  1.250E+11  0.0000000E+00    2.0052065  -10.000  -10.000  -10.000  -10.000   -9.9999000
 6.04587E+03  6.6866106E-01  1.250E+11  1.250E+11  1.250E+11  1.250E+11  0.0000000E+00    2.0053731  -10.000  -10.000  -10.000  -10.000   -9.9999000
 6.12194E+03  6.6845248E-01  1.250E+11  1.250E+11  1.250E+11  1.250E+11  0.0000000E+00    2.0052376  -10.000  -10.000  -10.000  -10.000   -9.9999000
 6.22855E+03  6.6845248E-01  1.250E+11  1.250E+11  1.250E+11  1.250E+11  0.0000000E+00    2.0052376  -10.000  -10.000  -10.000  -10.000   -9.9999000
 6.23893E+03  6.6845410E-01  1.250E+11  1.250E+11  1.250E+11  1.250E+11  0.0000000E+00    2.0052387  -10.000  -10.000  -10.000  -10.000   -9.9999000
 6.31368E+03  6.6872956E-01  1.250E+11  1.250E+11  1.250E+11  1.250E+11  0.0000000E+00    2.0054176  -10.000  -10.000  -10.000  -10.000   -9.9999000
 6.38668E+03  6.6872956E-01  1.250E+11  1.250E+11  1.250E+11  1.250E+11  0.0000000E+00    2.0054176  -10.000  -10.000  -10.000  -10.000   -9.9999000
 6.39481E+03  6.6855945E-01  1.250E+11  1.250E+11  1.250E+11  1.250E+11  0.0000000E+00    2.0053071  -10.000  -10.000  -10.000  -10.000   -9.9999000
 6.47286E+03  6.6879008E-01  1.250E+11  1.250E+11  1.250E+11  1.250E+11  0.0000000E+00    2.0054569  -10.000  -10.000  -10.000  -10.000   -9.9999000
 6.55618E+03  6.6861372E-01  1.250E+11  1.250E+11  1.250E+11  1.250E+11  0.0000000E+00    2.0053424  -10.000  -10.000  -10.000  -10.000   -9.9999000
 6.70893E+03  6.6890013E-01  1.250E+11  1.250E+11  1.250E+11  1.250E+11  0.0000000E+00    2.0055284  -10.000  -10.000  -10.000  -10.000   -9.9999000
 6.86662E+03  6.6869751E-01  1.250E+11  1.250E+11  1.250E+11  1.250E+11  0.0000000E+00    2.0053968  -10.000  -10.000  -10.000  -10.000   -9.9999000
 7.02607E+03  6.6900018E-01  1.250E+11  1.250E+11  1.250E+11  1.250E+11  0.0000000E+00    2.0055933  -10.000  -10.000  -10.000  -10.000   -9.9999000
 7.19024E+03  6.6886097E-01  1.250E+11  1.250E+11  1.250E+11  1.250E+11  0.0000000E+00    2.0055029  -10.000  -10.000  -10.000  -10.000   -9.9999000
 7.35853E+03  6.6911483E-01  1.250E+11  1.250E+11  1.250E+11  1.250E+11  0.0000000E+00    2.0056677  -10.000  -10.000  -10.000  -10.000   -9.9999000
 7.53034E+03  6.6894707E-01  1.250E+11  1.250E+11  1.250E+11  1.250E+11  0.0000000E+00    2.0055588  -10.000  -10.000  -10.000  -10.000   -9.9999000
 7.70665E+03  6.6923859E-01  1.250E+11  1.250E+11  1.250E+11  1.250E+11  0.0000000E+00    2.0057481  -10.000  -10.000  -10.000  -10.000   -9.9999000
 7.88664E+03  6.6906097E-01  1.250E+11  1.250E+11  1.250E+11  1.250E+11  0.0000000E+00    2.0056328  -10.000  -10.000  -10.000  -10.000   -9.9999000
 8.07097E+03  6.6907054E-01  1.250E+11  1.250E+11  1.250E+11  1.250E+11  0.0000000E+00    2.0056390  -10.000  -10.000  -10.000  -10.000   -9.9999000
 8.25898E+03  6.6939619E-01  1.250E+11  1.250E+11  1.250E+11  1.250E+11  0.0000000E+00    2.0058503  -10.000  -10.000  -10.000  -10.000   -9.9999000
 8.45188E+03  6.6922479E-01  1.250E+11  1.250E+11  1.250E+11  1.250E+11  0.0000000E+00    2.0057391  -10.000  -10.000  -10.000  -10.000   -9.9999000
 8.64933E+03  6.6947855E-01  1.250E+11  1.250E+11  1.250E+11  1.250E+11  0.0000000E+00    2.0059038  -10.000  -10.000  -10.000  -10.000   -9.9999000
 8.85146E+03  6.6933586E-01  1.250E+11  1.250E+11  1.250E+11  1.250E+11  0.0000000E+00    2.0058112  -10.000  -10.000  -10.000  -10.000   -9.9999000
 9.05803E+03  6.6961104E-01  1.250E+11  1.250E+11  1.250E+11  1.250E+11  0.0000000E+00    2.0059897  -10.000  -10.000  -10.000  -10.000   -9.9999000
 9.26961E+03  6.6946629E-01  1.250E+11  1.250E+11  1.250E+11  1.250E+11  0.0000000E+00    2.0058958  -10.000  -10.000  -10.000  -10.000   -9.9999000
 9.48623E+03  6.6980405E-01  1.250E+11  1.250E+11  1.250E+11  1.250E+11  0.0000000E+00    2.0061149  -10.000  -10.000  -10.000  -10.000   -9.9999000
 9.70753E+03  6.6960745E-01  1.250E+11  1.250E+11  1.250E+11  1.250E+11  0.0000000E+00    2.0059874  -10.000  -10.000  -10.000  -10.000   -9.9999000
 9.93574E+03  6.6984144E-01  1.250E+11  1.250E+11  1.250E+11  1.250E+11  0.0000000E+00    2.0061391  -10.000  -10.000  -10.000  -10.000   -9.9999000
 1.01662E+04  6.6973079E-01  1.250E+11  1.250E+11  1.250E+11  1.250E+11  0.0000000E+00    2.0060673  -10.000  -10.000  -10.000  -10.000   -9.9999000
 1.04036E+04  6.6974839E-01  1.250E+11  1.250E+11  1.250E+11  1.250E+11  0.0000000E+00    2.0060788  -10.000  -10.000  -10.000  -10.000   -9.9999000
 1.06467E+04  6.7007028E-01  1.250E+11  1.250E+11  1.250E+11  1.250E+11  0.0000000E+00    2.0062874  -10.000  -10.000  -10.000  -10.000   -9.9999000
 1.08949E+04  6.6986336E-01  1.250E+11  1.250E+11  1.250E+11  1.250E+11  0.0000000E+00    2.0061533  -10.000  -10.000  -10.000  -10.000   -9.9999000
 1.11492E+04  6.7018165E-01  1.250E+11  1.250E+11  1.250E+11  1.250E+11  0.0000000E+00    2.0063596  -10.000  -10.000  -10.000  -10.000   -9.9999000
 1.14095E+04  6.6998743E-01  1.250E+11  1.250E+11  1.250E+11  1.250E+11  0.0000000E+00    2.0062337  -10.000  -10.000  -10.000  -10.000   -9.9999000
 1.16762E+04  6.7025715E-01  1.250E+11  1.250E+11  1.250E+11  1.250E+11  0.0000000E+00    2.0064085  -10.000  -10.000  -10.000  -10.000   -9.9999000
 1.19483E+04  6.7005913E-01  1.250E+11  1.250E+11  1.250E+11  1.250E+11  0.0000000E+00    2.0062802  -10.000  -10.000  -10.000  -10.000   -9.9999000
 1.22271E+04  6.7040268E-01  1.250E+11  1.250E+11  1.250E+11  1.250E+11  0.0000000E+00    2.0065028  -10.000  -10.000  -10.000  -10.000   -9.9999000
 1.25126E+04  6.7020653E-01  1.250E+11  1.250E+11  1.250E+11  1.250E+11  0.0000000E+00    2.0063757  -10.000  -10.000  -10.000  -10.000   -9.9999000
 1.28045E+04  6.7054873E-01  1.250E+11  1.250E+11  1.250E+11  1.250E+11  0.0000000E+00    2.0065974  -10.000  -10.000  -10.000  -10.000   -9.9999000
 1.31043E+04  6.7031906E-01  1.250E+11  1.250E+11  1.250E+11  1.250E+11  0.0000000E+00    2.0064487  -10.000  -10.000  -10.000  -10.000   -9.9999000
 1.34101E+04  6.7061806E-01  1.250E+11  1.250E+11  1.250E+11  1.250E+11  0.0000000E+00    2.0066423  -10.000  -10.000  -10.000  -10.000   -9.9999000
 1.37220E+04  6.7045867E-01  1.250E+11  1.250E+11  1.250E+11  1.250E+11  0.0000000E+00    2.0065391  -10.000  -10.000  -10.000  -10.000   -9.9999000
 1.40423E+04  6.7047656E-01  1.250E+11  1.250E+11  1.250E+11  1.250E+11  0.0000000E+00    2.0065507  -10.000  -10.000  -10.000  -10.000   -9.9999000
 1.43697E+04  6.7078422E-01  1.250E+11  1.250E+11  1.250E+11  1.250E+11  0.0000000E+00    2.0067499  -10.000  -10.000  -10.000  -10.000   -9.9999000
 1.47049E+04  6.7063243E-01  1.250E+11  1.250E+11  1.250E+11  1.250E+11  0.0000000E+00    2.0066516  -10.000  -10.000  -10.000  -10.000   -9.9999000
 1.50484E+04  6.7088819E-01  1.250E+11  1.250E+11  1.250E+11  1.250E+11  0.0000000E+00    2.0068172  -10.000  -10.000  -10.000  -10.000   -9.9999000
 1.53991E+04  6.7074373E-01  1.250E+11  1.250E+11  1.250E+11  1.250E+11  0.0000000E+00    2.0067237  -10.000  -10.000  -10.000  -10.000   -9.9999000
 1.57594E+04  6.7102955E-01  1.250E+11  1.250E+11  1.250E+11  1.250E+11  0.0000000E+00    2.0069087  -10.000  -10.000  -10.000  -10.000   -9.9999000
 1.61260E+04  6.7087278E-01  1.250E+11  1.250E+11  1.250E+11  1.250E+11  0.0000000E+00    2.0068073  -10.000  -10.000  -10.000  -10.000   -9.9999000
 1.65020E+04  6.7116229E-01  1.250E+11  1.250E+11  1.250E+11  1.250E+11  0.0000000E+00    2.0069946  -10.000  -10.000  -10.000  -10.000   -9.9999000
 1.68870E+04  6.7103816E-01  1.250E+11  1.250E+11  1.250E+11  1.250E+11  0.0000000E+00    2.0069143  -10.000  -10.000  -10.000  -10.000   -9.9999000
 1.72809E+04  6.7129356E-01  1.250E+11  1.250E+11  1.250E+11  1.250E+11  0.0000000E+00    2.0070796  -10.000  -10.000  -10.000  -10.000   -9.9999000
 1.76839E+04  6.7110009E-01  1.250E+11  1.250E+11  1.250E+11  1.250E+11  0.0000000E+00    2.0069544  -10.000  -10.000  -10.000  -10.000   -9.9999000
 1.80966E+04  6.7111740E-01  1.250E+11  1.250E+11  1.250E+11  1.250E+11  0.0000000E+00    2.0069656  -10.000  -10.000  -10.000  -10.000   -9.9999000
 1.85188E+04  6.7144327E-01  1.250E+11  1.250E+11  1.250E+11  1.250E+11  0.0000000E+00    2.0071764  -10.000  -10.000  -10.000  -10.000   -9.9999000
 1.89503E+04  6.7129141E-01  1.250E+11  1.250E+11  1.250E+11  1.250E+11  0.0000000E+00    2.0070782  -10.000  -10.000  -10.000  -10.000   -9.9999000
 1.93926E+04  6.7159502E-01  1.250E+11  1.250E+11  1.250E+11  1.250E+11  0.0000000E+00    2.0072746  -10.000  -10.000  -10.000  -10.000   -9.9999000
 1.98445E+04  6.7139661E-01  1.250E+11  1.250E+11  1.250E+11  1.250E+11  0.0000000E+00    2.0071462  -10.000  -10.000  -10.000  -10.000   -9.9999000
 2.03089E+04  6.7163984E-01  1.250E+11  1.250E+11  1.250E+11  1.250E+11  0.0000000E+00    2.0073035  -10.000  -10.000  -10.000  -10.000   -9.9999000
 2.07809E+04  6.7154509E-01  1.250E+11  1.250E+11  1.250E+11  1.250E+11  0.0000000E+00    2.0072423  -10.000  -10.000  -10.000  -10.000   -9.9999000
 2.12655E+04  6.7179864E-01  1.250E+11  1.250E+11  1.250E+11  1.250E+11  0.0000000E+00    2.0074062  -10.000  -10.000  -10.000  -10.000   -9.9999000
 2.17614E+04  6.7161098E-01  1.250E+11  1.250E+11  1.250E+11  1.250E+11  0.0000000E+00    2.0072849  -10.000  -10.000  -10.000  -10.000   -9.9999000
 2.22690E+04  6.7194303E-01  1.250E+11  1.250E+11  1.250E+11  1.250E+11  0.0000000E+00    2.0074995  -10.000  -10.000  -10.000  -10.000   -9.9999000
 2.27884E+04  6.7183691E-01  1.250E+11  1.250E+11  1.250E+11  1.250E+11  0.0000000E+00    2.0074309  -10.000  -10.000  -10.000  -10.000   -9.9999000
 2.33197E+04  6.7183607E-01  1.250E+11  1.250E+11  1.250E+11  1.250E+11  0.0000000E+00    2.0074304  -10.000  -10.000  -10.000  -10.000   -9.9999000
 2.38635E+04  6.7214028E-01  1.250E+11  1.250E+11  1.250E+11  1.250E+11  0.0000000E+00    2.0076270  -10.000  -10.000  -10.000  -10.000   -9.9999000
 2.44199E+04  6.7203114E-01  1.250E+11  1.250E+11  1.250E+11  1.250E+11  0.0000000E+00    2.0075565  -10.000  -10.000  -10.000  -10.000   -9.9999000
 2.49888E+04  6.7222830E-01  1.250E+11  1.250E+11  1.250E+11  1.250E+11  0.0000000E+00    2.0076839  -10.000  -10.000  -10.000  -10.000   -9.9999000
 2.55725E+04  6.7205465E-01  1.250E+11  1.250E+11  1.250E+11  1.250E+11  0.0000000E+00    2.0075717  -10.000  -10.000  -10.000  -10.000   -9.9999000
 2.61676E+04  6.7236130E-01  1.250E+11  1.250E+11  1.250E+11  1.250E+11  0.0000000E+00    2.0077698  -10.000  -10.000  -10.000  -10.000   -9.9999000
 2.67783E+04  6.7219277E-01  1.250E+11  1.250E+11  1.250E+11  1.250E+11  0.0000000E+00    2.0076609  -10.000  -10.000  -10.000  -10.000   -9.9999000
 2.74020E+04  6.7251367E-01  1.250E+11  1.250E+11  1.250E+11  1.250E+11  0.0000000E+00    2.0078682  -10.000  -10.000  -10.000  -10.000   -9.9999000
 2.80412E+04  6.7232194E-01  1.250E+11  1.250E+11  1.250E+11  1.250E+11  0.0000000E+00    2.0077444  -10.000  -10.000  -10.000  -10.000   -9.9999000
 2.86953E+04  6.7260560E-01  1.250E+11  1.250E+11  1.250E+11  1.250E+11  0.0000000E+00    2.0079276  -10.000  -10.000  -10.000  -10.000   -9.9999000
 2.93645E+04  6.7246757E-01  1.250E+11  1.250E+11  1.250E+11  1.250E+11  0.0000000E+00    2.0078384  -10.000  -10.000  -10.000  -10.000   -9.9999000
 3.00479E+04  6.7270640E-01  1.250E+11  1.250E+11  1.250E+11  1.250E+11  0.0000000E+00    2.0079926  -10.000  -10.000  -10.000  -10.000   -9.9999000
 3.07484E+04  6.7255497E-01  1.250E+11  1.250E+11  1.250E+11  1.250E+11  0.0000000E+00    2.0078949  -10.000  -10.000  -10.000  -10.000   -9.9999000
 3.14664E+04  6.7255958E-01  1.250E+11  1.250E+11  1.250E+11  1.250E+11  0.0000000E+00    2.0078978  -10.000  -10.000  -10.000  -10.000   -9.9999000
 3.21991E+04  6.7288927E-01  1.250E+11  1.250E+11  1.250E+11  1.250E+11  0.0000000E+00    2.0081107  -10.000  -10.000  -10.000  -10.000   -9.9999000
 3.29502E+04  6.7276556E-01  1.250E+11  1.250E+11  1.250E+11  1.250E+11  0.0000000E+00    2.0080308  -10.000  -10.000  -10.000  -10.000   -9.9999000
 3.37173E+04  6.7303892E-01  1.250E+11  1.250E+11  1.250E+11  1.250E+11  0.0000000E+00    2.0082073  -10.000  -10.000  -10.000  -10.000   -9.9999000
 3.45033E+04  6.7282830E-01  1.250E+11  1.250E+11  1.250E+11  1.250E+11  0.0000000E+00    2.0080713  -10.000  -10.000  -10.000  -10.000   -9.9999000
 3.53076E+04  6.7310124E-01  1.250E+11  1.250E+11  1.250E+11  1.250E+11  0.0000000E+00    2.0082475  -10.000  -10.000  -10.000  -10.000   -9.9999000
 3.61308E+04  6.7292750E-01  1.250E+11  1.250E+11  1.250E+11  1.250E+11  0.0000000E+00    2.0081354  -10.000  -10.000  -10.000  -10.000   -9.9999000
 3.69727E+04  6.7318632E-01  1.250E+11  1.250E+11  1.250E+11  1.250E+11  0.0000000E+00    2.0083024  -10.000  -10.000  -10.000  -10.000   -9.9999000
 3.78342E+04  6.7309078E-01  1.250E+11  1.250E+11  1.250E+11  1.250E+11  0.0000000E+00    2.0082407  -10.000  -10.000  -10.000  -10.000   -9.9999000
 3.87168E+04  6.7340897E-01  1.250E+11  1.250E+11  1.250E+11  1.250E+11  0.0000000E+00    2.0084460  -10.000  -10.000  -10.000  -10.000   -9.9999000
 3.96183E+04  6.7320923E-01  1.250E+11  1.250E+11  1.250E+11  1.250E+11  0.0000000E+00    2.0083171  -10.000  -10.000  -10.000  -10.000   -9.9999000
 4.05417E+04  6.7321895E-01  1.250E+11  1.250E+11  1.250E+11  1.250E+11  0.0000000E+00    2.0083234  -10.000  -10.000  -10.000  -10.000   -9.9999000
 4.14865E+04  6.7359673E-01  1.250E+11  1.250E+11  1.250E+11  1.250E+11  0.0000000E+00    2.0085671  -10.000  -10.000  -10.000  -10.000   -9.9999000
 4.24538E+04  6.7333759E-01  1.250E+11  1.250E+11  1.250E+11  1.250E+11  0.0000000E+00    2.0083999  -10.000  -10.000  -10.000  -10.000   -9.9999000
 4.34428E+04  6.7373873E-01  1.250E+11  1.250E+11  1.250E+11  1.250E+11  0.0000000E+00    2.0086586  -10.000  -10.000  -10.000  -10.000   -9.9999000
 4.44559E+04  6.7356327E-01  1.250E+11  1.250E+11  1.250E+11  1.250E+11  0.0000000E+00    2.0085455  -10.000  -10.000  -10.000  -10.000   -9.9999000
 4.54913E+04  6.7373123E-01  1.250E+11  1.250E+11  1.250E+11  1.250E+11  0.0000000E+00    2.0086538  -10.000  -10.000  -10.000  -10.000   -9.9999000
 4.65515E+04  6.7358009E-01  1.250E+11  1.250E+11  1.250E+11  1.250E+11  0.0000000E+00    2.0085563  -10.000  -10.000  -10.000  -10.000   -9.9999000
 4.76369E+04  6.7382525E-01  1.250E+11  1.250E+11  1.250E+11  1.250E+11  0.0000000E+00    2.0087144  -10.000  -10.000  -10.000  -10.000   -9.9999000
 4.87468E+04  6.7376201E-01  1.250E+11  1.250E+11  1.250E+11  1.250E+11  0.0000000E+00    2.0086736  -10.000  -10.000  -10.000  -10.000   -9.9999000
 4.98825E+04  6.7404063E-01  1.250E+11  1.250E+11  1.250E+11  1.250E+11  0.0000000E+00    2.0088532  -10.000  -10.000  -10.000  -10.000   -9.9999000
 5.10452E+04  6.7384369E-01  1.250E+11  1.250E+11  1.250E+11  1.250E+11  0.0000000E+00    2.0087263  -10.000  -10.000  -10.000  -10.000   -9.9999000
 5.22345E+04  6.7388070E-01  1.250E+11  1.250E+11  1.250E+11  1.250E+11  0.0000000E+00    2.0087501  -10.000  -10.000  -10.000  -10.000   -9.9999000
 5.34522E+04  6.7419176E-01  1.250E+11  1.250E+11  1.250E+11  1.250E+11  0.0000000E+00    2.0089505  -10.000  -10.000  -10.000  -10.000   -9.9999000
 5.46973E+04  6.7404304E-01  1.250E+11  1.250E+11  1.250E+11  1.250E+11  0.0000000E+00    2.0088547  -10.000  -10.000  -10.000  -10.000   -9.9999000
 5.59723E+04  6.7435214E-01  1.250E+11  1.250E+11  1.250E+11  1.250E+11  0.0000000E+00    2.0090538  -10.000  -10.000  -10.000  -10.000   -9.9999000
 5.72763E+04  6.7419835E-01  1.250E+11  1.250E+11  1.250E+11  1.250E+11  0.0000000E+00    2.0089548  -10.000  -10.000  -10.000  -10.000   -9.9999000
 5.86111E+04  6.7450336E-01  1.250E+11  1.250E+11  1.250E+11  1.250E+11  0.0000000E+00    2.0091512  -10.000  -10.000  -10.000  -10.000   -9.9999000
 5.99773E+04  6.7434379E-01  1.250E+11  1.250E+11  1.250E+11  1.250E+11  0.0000000E+00    2.0090485  -10.000  -10.000  -10.000  -10.000   -9.9999000
 6.13754E+04  6.7459711E-01  1.250E+11  1.250E+11  1.250E+11  1.250E+11  0.0000000E+00    2.0092116  -10.000  -10.000  -10.000  -10.000   -9.9999000
 6.28051E+04  6.7446988E-01  1.250E+11  1.250E+11  1.250E+11  1.250E+11  0.0000000E+00    2.0091297  -10.000  -10.000  -10.000  -10.000   -9.9999000
 6.42678E+04  6.7476718E-01  1.250E+11  1.250E+11  1.250E+11  1.250E+11  0.0000000E+00    2.0093210  -10.000  -10.000  -10.000  -10.000   -9.9999000
 6.57654E+04  6.7455622E-01  1.250E+11  1.250E+11  1.250E+11  1.250E+11  0.0000000E+00    2.0091852  -10.000  -10.000  -10.000  -10.000   -9.9999000
 6.72984E+04  6.7455687E-01  1.250E+11  1.250E+11  1.250E+11  1.250E+11  0.0000000E+00    2.0091857  -10.000  -10.000  -10.000  -10.000   -9.9999000
 6.88659E+04  6.7492687E-01  1.250E+11  1.250E+11  1.250E+11  1.250E+11  0.0000000E+00    2.0094238  -10.000  -10.000  -10.000  -10.000   -9.9999000
 7.04705E+04  6.7472155E-01  1.250E+11  1.250E+11  1.250E+11  1.250E+11  0.0000000E+00    2.0092917  -10.000  -10.000  -10.000  -10.000   -9.9999000
 7.21126E+04  6.7505221E-01  1.250E+11  1.250E+11  1.250E+11  1.250E+11  0.0000000E+00    2.0095045  -10.000  -10.000  -10.000  -10.000   -9.9999000
 7.37928E+04  6.7487344E-01  1.250E+11  1.250E+11  1.250E+11  1.250E+11  0.0000000E+00    2.0093894  -10.000  -10.000  -10.000  -10.000   -9.9999000
 7.55126E+04  6.7516153E-01  1.250E+11  1.250E+11  1.250E+11  1.250E+11  0.0000000E+00    2.0095748  -10.000  -10.000  -10.000  -10.000   -9.9999000
 7.72721E+04  6.7498031E-01  1.250E+11  1.250E+11  1.250E+11  1.250E+11  0.0000000E+00    2.0094582  -10.000  -10.000  -10.000  -10.000   -9.9999000
 7.90725E+04  6.7526656E-01  1.250E+11  1.250E+11  1.250E+11  1.250E+11  0.0000000E+00    2.0096423  -10.000  -10.000  -10.000  -10.000   -9.9999000
 8.09148E+04  6.7515859E-01  1.250E+11  1.250E+11  1.250E+11  1.250E+11  0.0000000E+00    2.0095729  -10.000  -10.000  -10.000  -10.000   -9.9999000
 8.27997E+04  6.7516365E-01  1.250E+11  1.250E+11  1.250E+11  1.250E+11  0.0000000E+00    2.0095761  -10.000  -10.000  -10.000  -10.000   -9.9999000
 8.47292E+04  6.7547207E-01  1.250E+11  1.250E+11  1.250E+11  1.250E+11  0.0000000E+00    2.0097745  -10.000  -10.000  -10.000  -10.000   -9.9999000
 8.67031E+04  6.7535936E-01  1.250E+11  1.250E+11  1.250E+11  1.250E+11  0.0000000E+00    2.0097020  -10.000  -10.000  -10.000  -10.000   -9.9999000
 8.87234E+04  6.7564589E-01  1.250E+11  1.250E+11  1.250E+11  1.250E+11  0.0000000E+00    2.0098862  -10.000  -10.000  -10.000  -10.000   -9.9999000
 9.07904E+04  6.7545666E-01  1.250E+11  1.250E+11  1.250E+11  1.250E+11  0.0000000E+00    2.0097646  -10.000  -10.000  -10.000  -10.000   -9.9999000
 9.29057E+04  6.7575755E-01  1.250E+11  1.250E+11  1.250E+11  1.250E+11  0.0000000E+00    2.0099580  -10.000  -10.000  -10.000  -10.000   -9.9999000
 9.50703E+04  6.7559438E-01  1.250E+11  1.250E+11  1.250E+11  1.250E+11  0.0000000E+00    2.0098531  -10.000  -10.000  -10.000  -10.000   -9.9999000
 9.72853E+04  6.7590580E-01  1.250E+11  1.250E+11  1.250E+11  1.250E+11  0.0000000E+00    2.0100533  -10.000  -10.000  -10.000  -10.000   -9.9999000
 9.95524E+04  6.7574112E-01  1.250E+11  1.250E+11  1.250E+11  1.250E+11  0.0000000E+00    2.0099474  -10.000  -10.000  -10.000  -10.000   -9.9999000
 1.01871E+05  6.7601145E-01  1.250E+11  1.250E+11  1.250E+11  1.250E+11  0.0000000E+00    2.0101211  -10.000  -10.000  -10.000  -10.000   -9.9999000
 1.04245E+05  6.7586876E-01  1.250E+11  1.250E+11  1.250E+11  1.250E+11  0.0000000E+00    2.0100295  -10.000  -10.000  -10.000  -10.000   -9.9999000
 1.06673E+05  6.7587508E-01  1.250E+11  1.250E+11  1.250E+11  1.250E+11  0.0000000E+00    2.0100335  -10.000  -10.000  -10.000  -10.000   -9.9999000
 1.09160E+05  6.7611072E-01  1.250E+11  1.250E+11  1.250E+11  1.250E+11  0.0000000E+00    2.0101849  -10.000  -10.000  -10.000  -10.000   -9.9999000
 1.11702E+05  6.7597913E-01  1.250E+11  1.250E+11  1.250E+11  1.250E+11  0.0000000E+00    2.0101004  -10.000  -10.000  -10.000  -10.000   -9.9999000
 1.14305E+05  6.7627631E-01  1.250E+11  1.250E+11  1.250E+11  1.250E+11  0.0000000E+00    2.0102913  -10.000  -10.000  -10.000  -10.000   -9.9999000
 1.16967E+05  6.7617299E-01  1.250E+11  1.250E+11  1.250E+11  1.250E+11  0.0000000E+00    2.0102249  -10.000  -10.000  -10.000  -10.000   -9.9999000
 1.19692E+05  6.7640424E-01  1.250E+11  1.250E+11  1.250E+11  1.250E+11  0.0000000E+00    2.0103734  -10.000  -10.000  -10.000  -10.000   -9.9999000
 1.22481E+05  6.7631569E-01  1.250E+11  1.250E+11  1.250E+11  1.250E+11  0.0000000E+00    2.0103165  -10.000  -10.000  -10.000  -10.000   -9.9999000
 1.25334E+05  6.7659913E-01  1.250E+11  1.250E+11  1.250E+11  1.250E+11  0.0000000E+00    2.0104985  -10.000  -10.000  -10.000  -10.000   -9.9999000
 1.28255E+05  6.7643998E-01  1.250E+11  1.250E+11  1.250E+11  1.250E+11  0.0000000E+00    2.0103964  -10.000  -10.000  -10.000  -10.000   -9.9999000
 1.31242E+05  6.7641507E-01  1.250E+11  1.250E+11  1.250E+11  1.250E+11  0.0000000E+00    2.0103804  -10.000  -10.000  -10.000  -10.000   -9.9999000
 1.34301E+05  6.7668052E-01  1.250E+11  1.250E+11  1.250E+11  1.250E+11  0.0000000E+00    2.0105508  -10.000  -10.000  -10.000  -10.000   -9.9999000
 1.37429E+05  6.7666615E-01  1.250E+11  1.250E+11  1.250E+11  1.250E+11  0.0000000E+00    2.0105415  -10.000  -10.000  -10.000  -10.000   -9.9999000
 1.40630E+05  6.7698314E-01  1.250E+11  1.250E+11  1.250E+11  1.250E+11  0.0000000E+00    2.0107449  -10.000  -10.000  -10.000  -10.000   -9.9999000
 1.43907E+05  6.7681574E-01  1.250E+11  1.250E+11  1.250E+11  1.250E+11  0.0000000E+00    2.0106375  -10.000  -10.000  -10.000  -10.000   -9.9999000
 1.47260E+05  6.7714629E-01  1.250E+11  1.250E+11  1.250E+11  1.250E+11  0.0000000E+00    2.0108496  -10.000  -10.000  -10.000  -10.000   -9.9999000
 1.50690E+05  6.7693212E-01  1.250E+11  1.250E+11  1.250E+11  1.250E+11  0.0000000E+00    2.0107122  -10.000  -10.000  -10.000  -10.000   -9.9999000
 1.54201E+05  6.7722990E-01  1.250E+11  1.250E+11  1.250E+11  1.250E+11  0.0000000E+00    2.0109032  -10.000  -10.000  -10.000  -10.000   -9.9999000
 1.57793E+05  6.7711112E-01  1.250E+11  1.250E+11  1.250E+11  1.250E+11  0.0000000E+00    2.0108270  -10.000  -10.000  -10.000  -10.000   -9.9999000
 1.61469E+05  6.7747694E-01  1.250E+11  1.250E+11  1.250E+11  1.250E+11  0.0000000E+00    2.0110616  -10.000  -10.000  -10.000  -10.000   -9.9999000
 1.65231E+05  6.7728387E-01  1.250E+11  1.250E+11  1.250E+11  1.250E+11  0.0000000E+00    2.0109378  -10.000  -10.000  -10.000  -10.000   -9.9999000
 1.69080E+05  6.7730941E-01  1.250E+11  1.250E+11  1.250E+11  1.250E+11  0.0000000E+00    2.0109542  -10.000  -10.000  -10.000  -10.000   -9.9999000
 1.73019E+05  6.7761130E-01  1.250E+11  1.250E+11  1.250E+11  1.250E+11  0.0000000E+00    2.0111477  -10.000  -10.000  -10.000  -10.000   -9.9999000
 1.77049E+05  6.7746174E-01  1.250E+11  1.250E+11  1.250E+11  1.250E+11  0.0000000E+00    2.0110519  -10.000  -10.000  -10.000  -10.000   -9.9999000
 1.81174E+05  6.7778644E-01  1.250E+11  1.250E+11  1.250E+11  1.250E+11  0.0000000E+00    2.0112600  -10.000  -10.000  -10.000  -10.000   -9.9999000
 1.85395E+05  6.7764581E-01  1.250E+11  1.250E+11  1.250E+11  1.250E+11  0.0000000E+00    2.0111698  -10.000  -10.000  -10.000  -10.000   -9.9999000
 1.89713E+05  6.7792767E-01  1.250E+11  1.250E+11  1.250E+11  1.250E+11  0.0000000E+00    2.0113504  -10.000  -10.000  -10.000  -10.000   -9.9999000
 1.94133E+05  6.7774798E-01  1.250E+11  1.250E+11  1.250E+11  1.250E+11  0.0000000E+00    2.0112353  -10.000  -10.000  -10.000  -10.000   -9.9999000
 1.98656E+05  6.7807664E-01  1.250E+11  1.250E+11  1.250E+11  1.250E+11  0.0000000E+00    2.0114459  -10.000  -10.000  -10.000  -10.000   -9.9999000
 2.03283E+05  6.7794128E-01  1.250E+11  1.250E+11  1.250E+11  1.250E+11  0.0000000E+00    2.0113592  -10.000  -10.000  -10.000  -10.000   -9.9999000
 2.08019E+05  6.7796239E-01  1.250E+11  1.250E+11  1.250E+11  1.250E+11  0.0000000E+00    2.0113727  -10.000  -10.000  -10.000  -10.000   -9.9999000
 2.12866E+05  6.7821739E-01  1.250E+11  1.250E+11  1.250E+11  1.250E+11  0.0000000E+00    2.0115360  -10.000  -10.000  -10.000  -10.000   -9.9999000
 2.17824E+05  6.7819653E-01  1.250E+11  1.250E+11  1.250E+11  1.250E+11  0.0000000E+00    2.0115227  -10.000  -10.000  -10.000  -10.000   -9.9999000
 2.22898E+05  6.7841545E-01  1.250E+11  1.250E+11  1.250E+11  1.250E+11  0.0000000E+00    2.0116628  -10.000  -10.000  -10.000  -10.000   -9.9999000
 2.28091E+05  6.7823540E-01  1.250E+11  1.250E+11  1.250E+11  1.250E+11  0.0000000E+00    2.0115475  -10.000  -10.000  -10.000  -10.000   -9.9999000
 2.33404E+05  6.7860841E-01  1.250E+11  1.250E+11  1.250E+11  1.250E+11  0.0000000E+00    2.0117863  -10.000  -10.000  -10.000  -10.000   -9.9999000
 2.38841E+05  6.7841558E-01  1.250E+11  1.250E+11  1.250E+11  1.250E+11  0.0000000E+00    2.0116629  -10.000  -10.000  -10.000  -10.000   -9.9999000
 2.44405E+05  6.7878572E-01  1.250E+11  1.250E+11  1.250E+11  1.250E+11  0.0000000E+00    2.0118998  -10.000  -10.000  -10.000  -10.000   -9.9999000
 2.50098E+05  6.7861650E-01  1.250E+11  1.250E+11  1.250E+11  1.250E+11  0.0000000E+00    2.0117915  -10.000  -10.000  -10.000  -10.000   -9.9999000
 2.55925E+05  6.7867490E-01  1.250E+11  1.250E+11  1.250E+11  1.250E+11  0.0000000E+00    2.0118289  -10.000  -10.000  -10.000  -10.000   -9.9999000
 2.61887E+05  6.7901832E-01  1.250E+11  1.250E+11  1.250E+11  1.250E+11  0.0000000E+00    2.0120486  -10.000  -10.000  -10.000  -10.000   -9.9999000
 2.67989E+05  6.7888398E-01  1.250E+11  1.250E+11  1.250E+11  1.250E+11  0.0000000E+00    2.0119627  -10.000  -10.000  -10.000  -10.000   -9.9999000
 2.74230E+05  6.7918084E-01  1.250E+11  1.250E+11  1.250E+11  1.250E+11  0.0000000E+00    2.0121525  -10.000  -10.000  -10.000  -10.000   -9.9999000
 2.80618E+05  6.7903363E-01  1.250E+11  1.250E+11  1.250E+11  1.250E+11  0.0000000E+00    2.0120584  -10.000  -10.000  -10.000  -10.000   -9.9999000
 2.87155E+05  6.7935442E-01  1.250E+11  1.250E+11  1.250E+11  1.250E+11  0.0000000E+00    2.0122635  -10.000  -10.000  -10.000  -10.000   -9.9999000
 2.93844E+05  6.7920072E-01  1.250E+11  1.250E+11  1.250E+11  1.250E+11  0.0000000E+00    2.0121652  -10.000  -10.000  -10.000  -10.000   -9.9999000
 3.00690E+05  6.7946833E-01  1.250E+11  1.250E+11  1.250E+11  1.250E+11  0.0000000E+00    2.0123363  -10.000  -10.000  -10.000  -10.000   -9.9999000
 3.07696E+05  6.7932916E-01  1.250E+11  1.250E+11  1.250E+11  1.250E+11  0.0000000E+00    2.0122473  -10.000  -10.000  -10.000  -10.000   -9.9999000
 3.14861E+05  6.7953912E-01  1.250E+11  1.250E+11  1.250E+11  1.250E+11  0.0000000E+00    2.0123816  -10.000  -10.000  -10.000  -10.000   -9.9999000
 3.22196E+05  6.7974189E-01  1.250E+11  1.250E+11  1.250E+11  1.250E+11  0.0000000E+00    2.0125111  -10.000  -10.000  -10.000  -10.000   -9.9999000
 3.29702E+05  6.7965024E-01  1.250E+11  1.250E+11  1.250E+11  1.250E+11  0.0000000E+00    2.0124526  -10.000  -10.000  -10.000  -10.000   -9.9999000
 3.37382E+05  6.8000884E-01  1.250E+11  1.250E+11  1.250E+11  1.250E+11  0.0000000E+00    2.0126816  -10.000  -10.000  -10.000  -10.000   -9.9999000
 3.45241E+05  6.7979240E-01  1.250E+11  1.250E+11  1.250E+11  1.250E+11  0.0000000E+00    2.0125434  -10.000  -10.000  -10.000  -10.000   -9.9999000
 3.53283E+05  6.8014027E-01  1.250E+11  1.250E+11  1.250E+11  1.250E+11  0.0000000E+00    2.0127656  -10.000  -10.000  -10.000  -10.000   -9.9999000
 3.61513E+05  6.8002097E-01  1.250E+11  1.250E+11  1.250E+11  1.250E+11  0.0000000E+00    2.0126894  -10.000  -10.000  -10.000  -10.000   -9.9999000
 3.69934E+05  6.8005737E-01  1.250E+11  1.250E+11  1.250E+11  1.250E+11  0.0000000E+00    2.0127126  -10.000  -10.000  -10.000  -10.000   -9.9999000
 3.78551E+05  6.8041007E-01  1.250E+11  1.250E+11  1.250E+11  1.250E+11  0.0000000E+00    2.0129378  -10.000  -10.000  -10.000  -10.000   -9.9999000
 3.87369E+05  6.8025947E-01  1.250E+11  1.250E+11  1.250E+11  1.250E+11  0.0000000E+00    2.0128417  -10.000  -10.000  -10.000  -10.000   -9.9999000
 3.96393E+05  6.8059348E-01  1.250E+11  1.250E+11  1.250E+11  1.250E+11  0.0000000E+00    2.0130549  -10.000  -10.000  -10.000  -10.000   -9.9999000
 4.05626E+05  6.8054431E-01  1.250E+11  1.250E+11  1.250E+11  1.250E+11  0.0000000E+00    2.0130235  -10.000  -10.000  -10.000  -10.000   -9.9999000
 4.15075E+05  6.8094386E-01  1.250E+11  1.250E+11  1.250E+11  1.250E+11  0.0000000E+00    2.0132784  -10.000  -10.000  -10.000  -10.000   -9.9999000
 4.24744E+05  6.8071181E-01  1.250E+11  1.250E+11  1.250E+11  1.250E+11  0.0000000E+00    2.0131304  -10.000  -10.000  -10.000  -10.000   -9.9999000
 4.34639E+05  6.8105278E-01  1.250E+11  1.250E+11  1.250E+11  1.250E+11  0.0000000E+00    2.0133479  -10.000  -10.000  -10.000  -10.000   -9.9999000
 4.44763E+05  6.8101963E-01  1.250E+11  1.250E+11  1.250E+11  1.250E+11  0.0000000E+00    2.0133267  -10.000  -10.000  -10.000  -10.000   -9.9999000
 4.55123E+05  6.8103286E-01  1.250E+11  1.250E+11  1.250E+11  1.250E+11  0.0000000E+00    2.0133352  -10.000  -10.000  -10.000  -10.000   -9.9999000
 4.65725E+05  6.8138481E-01  1.250E+11  1.250E+11  1.250E+11  1.250E+11  0.0000000E+00    2.0135595  -10.000  -10.000  -10.000  -10.000   -9.9999000
 4.76574E+05  6.8134206E-01  1.250E+11  1.250E+11  1.250E+11  1.250E+11  0.0000000E+00    2.0135323  -10.000  -10.000  -10.000  -10.000   -9.9999000
 4.87676E+05  6.8158050E-01  1.250E+11  1.250E+11  1.250E+11  1.250E+11  0.0000000E+00    2.0136842  -10.000  -10.000  -10.000  -10.000   -9.9999000
 4.99035E+05  6.8152552E-01  1.250E+11  1.250E+11  1.250E+11  1.250E+11  0.0000000E+00    2.0136492  -10.000  -10.000  -10.000  -10.000   -9.9999000
 5.10661E+05  6.8189864E-01  1.250E+11  1.250E+11  1.250E+11  1.250E+11  0.0000000E+00    2.0138869  -10.000  -10.000  -10.000  -10.000   -9.9999000
 5.22555E+05  6.8175861E-01  1.250E+11  1.250E+11  1.250E+11  1.250E+11  0.0000000E+00    2.0137977  -10.000  -10.000  -10.000  -10.000   -9.9999000
 5.34727E+05  6.8212935E-01  1.250E+11  1.250E+11  1.250E+11  1.250E+11  0.0000000E+00    2.0140338  -10.000  -10.000  -10.000  -10.000   -9.9999000
 5.47185E+05  6.8194531E-01  1.250E+11  1.250E+11  1.250E+11  1.250E+11  0.0000000E+00    2.0139166  -10.000  -10.000  -10.000  -10.000   -9.9999000
 5.59929E+05  6.8207277E-01  1.250E+11  1.250E+11  1.250E+11  1.250E+11  0.0000000E+00    2.0139978  -10.000  -10.000  -10.000  -10.000   -9.9999000
 5.72972E+05  6.8251621E-01  1.250E+11  1.250E+11  1.250E+11  1.250E+11  0.0000000E+00    2.0142801  -10.000  -10.000  -10.000  -10.000   -9.9999000
 5.86319E+05  6.8242363E-01  1.250E+11  1.250E+11  1.250E+11  1.250E+11  0.0000000E+00    2.0142211  -10.000  -10.000  -10.000  -10.000   -9.9999000
 5.99977E+05  6.8275713E-01  1.250E+11  1.250E+11  1.250E+11  1.250E+11  0.0000000E+00    2.0144333  -10.000  -10.000  -10.000  -10.000   -9.9999000
 6.13952E+05  6.8271219E-01  1.250E+11  1.250E+11  1.250E+11  1.250E+11  0.0000000E+00    2.0144047  -10.000  -10.000  -10.000  -10.000   -9.9999000
 6.28254E+05  6.8308739E-01  1.250E+11  1.250E+11  1.250E+11  1.250E+11  0.0000000E+00    2.0146434  -10.000  -10.000  -10.000  -10.000   -9.9999000
 6.42888E+05  6.8291367E-01  1.250E+11  1.250E+11  1.250E+11  1.250E+11  0.0000000E+00    2.0145329  -10.000  -10.000  -10.000  -10.000   -9.9999000
 6.57864E+05  6.8325037E-01  1.250E+11  1.250E+11  1.250E+11  1.250E+11  0.0000000E+00    2.0147470  -10.000  -10.000  -10.000  -10.000   -9.9999000
 6.73188E+05  6.8316081E-01  1.250E+11  1.250E+11  1.250E+11  1.250E+11  0.0000000E+00    2.0146900  -10.000  -10.000  -10.000  -10.000   -9.9999000
 6.88869E+05  6.8348535E-01  1.250E+11  1.250E+11  1.250E+11  1.250E+11  0.0000000E+00    2.0148963  -10.000  -10.000  -10.000  -10.000   -9.9999000
 7.04916E+05  6.8341629E-01  1.250E+11  1.250E+11  1.250E+11  1.250E+11  0.0000000E+00    2.0148524  -10.000  -10.000  -10.000  -10.000   -9.9999000
 7.21335E+05  6.8374905E-01  1.250E+11  1.250E+11  1.250E+11  1.250E+11  0.0000000E+00    2.0150638  -10.000  -10.000  -10.000  -10.000   -9.9999000
 7.38138E+05  6.8364542E-01  1.250E+11  1.250E+11  1.250E+11  1.250E+11  0.0000000E+00    2.0149980  -10.000  -10.000  -10.000  -10.000   -9.9999000
 7.55332E+05  6.8383422E-01  1.250E+11  1.250E+11  1.250E+11  1.250E+11  0.0000000E+00    2.0151179  -10.000  -10.000  -10.000  -10.000   -9.9999000
 7.72926E+05  6.8419872E-01  1.250E+11  1.250E+11  1.250E+11  1.250E+11  0.0000000E+00    2.0153493  -10.000  -10.000  -10.000  -10.000   -9.9999000
 7.90931E+05  6.8413262E-01  1.250E+11  1.250E+11  1.250E+11  1.250E+11  0.0000000E+00    2.0153074  -10.000  -10.000  -10.000  -10.000   -9.9999000
 8.09355E+05  6.8441716E-01  1.250E+11  1.250E+11  1.250E+11  1.250E+11  0.0000000E+00    2.0154880  -10.000  -10.000  -10.000  -10.000   -9.9999000
 8.28207E+05  6.8436310E-01  1.250E+11  1.250E+11  1.250E+11  1.250E+11  0.0000000E+00    2.0154537  -10.000  -10.000  -10.000  -10.000   -9.9999000
 8.47499E+05  6.8486098E-01  1.250E+11  1.250E+11  1.250E+11  1.250E+11  0.0000000E+00    2.0157695  -10.000  -10.000  -10.000  -10.000   -9.9999000
 8.67241E+05  6.8473468E-01  1.250E+11  1.250E+11  1.250E+11  1.250E+11  0.0000000E+00    2.0156894  -10.000  -10.000  -10.000  -10.000   -9.9999000
 8.87442E+05  6.8501252E-01  1.250E+11  1.250E+11  1.250E+11  1.250E+11  0.0000000E+00    2.0158656  -10.000  -10.000  -10.000  -10.000   -9.9999000
 9.08114E+05  6.8488074E-01  1.250E+11  1.250E+11  1.250E+11  1.250E+11  0.0000000E+00    2.0157820  -10.000  -10.000  -10.000  -10.000   -9.9999000
 9.29267E+05  6.8534172E-01  1.250E+11  1.250E+11  1.250E+11  1.250E+11  0.0000000E+00    2.0160743  -10.000  -10.000  -10.000  -10.000   -9.9999000
 9.50913E+05  6.8521595E-01  1.250E+11  1.250E+11  1.250E+11  1.250E+11  0.0000000E+00    2.0159946  -10.000  -10.000  -10.000  -10.000   -9.9999000
 9.73063E+05  6.8560277E-01  1.250E+11  1.250E+11  1.250E+11  1.250E+11  0.0000000E+00    2.0162397  -10.000  -10.000  -10.000  -10.000   -9.9999000
 9.95729E+05  6.8550772E-01  1.250E+11  1.250E+11  1.250E+11  1.250E+11  0.0000000E+00    2.0161794  -10.000  -10.000  -10.000  -10.000   -9.9999000
 1.01892E+06  6.8564422E-01  1.250E+11  1.250E+11  1.250E+11  1.250E+11  0.0000000E+00    2.0162659  -10.000  -10.000  -10.000  -10.000   -9.9999000
 1.04266E+06  6.8611002E-01  1.250E+11  1.250E+11  1.250E+11  1.250E+11  0.0000000E+00    2.0165608  -10.000  -10.000  -10.000  -10.000   -9.9999000
 1.06694E+06  6.8599061E-01  1.250E+11  1.250E+11  1.250E+11  1.250E+11  0.0000000E+00    2.0164853  -10.000  -10.000  -10.000  -10.000   -9.9999000
 1.09180E+06  6.8635054E-01  1.250E+11  1.250E+11  1.250E+11  1.250E+11  0.0000000E+00    2.0167131  -10.000  -10.000  -10.000  -10.000   -9.9999000
 1.11723E+06  6.8631470E-01  1.250E+11  1.250E+11  1.250E+11  1.250E+11  0.0000000E+00    2.0166904  -10.000  -10.000  -10.000  -10.000   -9.9999000
 1.14325E+06  6.8674338E-01  1.250E+11  1.250E+11  1.250E+11  1.250E+11  0.0000000E+00    2.0169616  -10.000  -10.000  -10.000  -10.000   -9.9999000
 1.16988E+06  6.8663451E-01  1.250E+11  1.250E+11  1.250E+11  1.250E+11  0.0000000E+00    2.0168927  -10.000  -10.000  -10.000  -10.000   -9.9999000
 1.19713E+06  6.8689199E-01  1.250E+11  1.250E+11  1.250E+11  1.250E+11  0.0000000E+00    2.0170555  -10.000  -10.000  -10.000  -10.000   -9.9999000
 1.22502E+06  6.8693517E-01  1.250E+11  1.250E+11  1.250E+11  1.250E+11  0.0000000E+00    2.0170828  -10.000  -10.000  -10.000  -10.000   -9.9999000
 1.25355E+06  6.8731219E-01  1.250E+11  1.250E+11  1.250E+11  1.250E+11  0.0000000E+00    2.0173211  -10.000  -10.000  -10.000  -10.000   -9.9999000
 1.28275E+06  6.8727847E-01  1.250E+11  1.250E+11  1.250E+11  1.250E+11  0.0000000E+00    2.0172998  -10.000  -10.000  -10.000  -10.000   -9.9999000
 1.31263E+06  6.8738182E-01  1.250E+11  1.250E+11  1.250E+11  1.250E+11  0.0000000E+00    2.0173651  -10.000  -10.000  -10.000  -10.000   -9.9999000
 1.34321E+06  6.8786097E-01  1.250E+11  1.250E+11  1.250E+11  1.250E+11  0.0000000E+00    2.0176678  -10.000  -10.000  -10.000  -10.000   -9.9999000
 1.37450E+06  6.8778954E-01  1.250E+11  1.250E+11  1.250E+11  1.250E+11  0.0000000E+00    2.0176227  -10.000  -10.000  -10.000  -10.000   -9.9999000
 1.40651E+06  6.8822710E-01  1.250E+11  1.250E+11  1.250E+11  1.250E+11  0.0000000E+00    2.0178989  -10.000  -10.000  -10.000  -10.000   -9.9999000
 1.43928E+06  6.8822248E-01  1.250E+11  1.250E+11  1.250E+11  1.250E+11  0.0000000E+00    2.0178959  -10.000  -10.000  -10.000  -10.000   -9.9999000
 1.47280E+06  6.8865233E-01  1.250E+11  1.250E+11  1.250E+11  1.250E+11  0.0000000E+00    2.0181671  -10.000  -10.000  -10.000  -10.000   -9.9999000
 1.50711E+06  6.8845399E-01  1.250E+11  1.250E+11  1.250E+11  1.250E+11  0.0000000E+00    2.0180420  -10.000  -10.000  -10.000  -10.000   -9.9999000
 1.54221E+06  6.8896413E-01  1.250E+11  1.250E+11  1.250E+11  1.250E+11  0.0000000E+00    2.0183637  -10.000  -10.000  -10.000  -10.000   -9.9999000
 1.57814E+06  6.8897380E-01  1.250E+11  1.250E+11  1.250E+11  1.250E+11  0.0000000E+00    2.0183698  -10.000  -10.000  -10.000  -10.000   -9.9999000
 1.61490E+06  6.8912536E-01  1.250E+11  1.250E+11  1.250E+11  1.250E+11  0.0000000E+00    2.0184653  -10.000  -10.000  -10.000  -10.000   -9.9999000
 1.65251E+06  6.8957180E-01  1.250E+11  1.250E+11  1.250E+11  1.250E+11  0.0000000E+00    2.0187466  -10.000  -10.000  -10.000  -10.000   -9.9999000
 1.69101E+06  6.8944966E-01  1.250E+11  1.250E+11  1.250E+11  1.250E+11  0.0000000E+00    2.0186696  -10.000  -10.000  -10.000  -10.000   -9.9999000
 1.73040E+06  6.8995790E-01  1.250E+11  1.250E+11  1.250E+11  1.250E+11  0.0000000E+00    2.0189897  -10.000  -10.000  -10.000  -10.000   -9.9999000
 1.77070E+06  6.8980622E-01  1.250E+11  1.250E+11  1.250E+11  1.250E+11  0.0000000E+00    2.0188942  -10.000  -10.000  -10.000  -10.000   -9.9999000
 1.81195E+06  6.9037661E-01  1.250E+11  1.250E+11  1.250E+11  1.250E+11  0.0000000E+00    2.0192532  -10.000  -10.000  -10.000  -10.000   -9.9999000
 1.85415E+06  6.9032615E-01  1.250E+11  1.250E+11  1.250E+11  1.250E+11  0.0000000E+00    2.0192214  -10.000  -10.000  -10.000  -10.000   -9.9999000
 1.89734E+06  6.9054711E-01  1.250E+11  1.250E+11  1.250E+11  1.250E+11  0.0000000E+00    2.0193604  -10.000  -10.000  -10.000  -10.000   -9.9999000
 1.94154E+06  6.9104476E-01  1.250E+11  1.250E+11  1.250E+11  1.250E+11  0.0000000E+00    2.0196733  -10.000  -10.000  -10.000  -10.000   -9.9999000
 1.98676E+06  6.9095340E-01  1.250E+11  1.250E+11  1.250E+11  1.250E+11  0.0000000E+00    2.0196158  -10.000  -10.000  -10.000  -10.000   -9.9999000
 2.03304E+06  6.9147246E-01  1.250E+11  1.250E+11  1.250E+11  1.250E+11  0.0000000E+00    2.0199420  -10.000  -10.000  -10.000  -10.000   -9.9999000
 2.08040E+06  6.9149684E-01  1.250E+11  1.250E+11  1.250E+11  1.250E+11  0.0000000E+00    2.0199573  -10.000  -10.000  -10.000  -10.000   -9.9999000
 2.12886E+06  6.9184837E-01  1.250E+11  1.250E+11  1.250E+11  1.250E+11  0.0000000E+00    2.0201780  -10.000  -10.000  -10.000  -10.000   -9.9999000
 2.17845E+06  6.9188529E-01  1.250E+11  1.250E+11  1.250E+11  1.250E+11  0.0000000E+00    2.0202012  -10.000  -10.000  -10.000  -10.000   -9.9999000
 2.22919E+06  6.9197549E-01  1.250E+11  1.250E+11  1.250E+11  1.250E+11  0.0000000E+00    2.0202578  -10.000  -10.000  -10.000  -10.000   -9.9999000
 2.28111E+06  6.9253134E-01  1.250E+11  1.250E+11  1.250E+11  1.250E+11  0.0000000E+00    2.0206065  -10.000  -10.000  -10.000  -10.000   -9.9999000
 2.33425E+06  6.9254981E-01  1.250E+11  1.250E+11  1.250E+11  1.250E+11  0.0000000E+00    2.0206181  -10.000  -10.000  -10.000  -10.000   -9.9999000
 2.38862E+06  6.9306073E-01  1.250E+11  1.250E+11  1.250E+11  1.250E+11  0.0000000E+00    2.0209384  -10.000  -10.000  -10.000  -10.000   -9.9999000
 2.44426E+06  6.9306662E-01  1.250E+11  1.250E+11  1.250E+11  1.250E+11  0.0000000E+00    2.0209421  -10.000  -10.000  -10.000  -10.000   -9.9999000
 2.50119E+06  6.9349748E-01  1.250E+11  1.250E+11  1.250E+11  1.250E+11  0.0000000E+00    2.0212120  -10.000  -10.000  -10.000  -10.000   -9.9999000
 2.55945E+06  6.9349989E-01  1.250E+11  1.250E+11  1.250E+11  1.250E+11  0.0000000E+00    2.0212135  -10.000  -10.000  -10.000  -10.000   -9.9999000
 2.61907E+06  6.9376475E-01  1.250E+11  1.250E+11  1.250E+11  1.250E+11  0.0000000E+00    2.0213793  -10.000  -10.000  -10.000  -10.000   -9.9999000
 2.68008E+06  6.9426649E-01  1.250E+11  1.250E+11  1.250E+11  1.250E+11  0.0000000E+00    2.0216933  -10.000  -10.000  -10.000  -10.000   -9.9999000
 2.74251E+06  6.9430020E-01  1.250E+11  1.250E+11  1.250E+11  1.250E+11  0.0000000E+00    2.0217144  -10.000  -10.000  -10.000  -10.000   -9.9999000
 2.80639E+06  6.9484804E-01  1.250E+11  1.250E+11  1.250E+11  1.250E+11  0.0000000E+00    2.0220569  -10.000  -10.000  -10.000  -10.000   -9.9999000
 2.87176E+06  6.9470208E-01  1.250E+11  1.250E+11  1.250E+11  1.250E+11  0.0000000E+00    2.0219657  -10.000  -10.000  -10.000  -10.000   -9.9999000
 2.93865E+06  6.9526790E-01  1.250E+11  1.250E+11  1.250E+11  1.250E+11  0.0000000E+00    2.0223193  -10.000  -10.000  -10.000  -10.000   -9.9999000
 3.00710E+06  6.9533644E-01  1.250E+11  1.250E+11  1.250E+11  1.250E+11  0.0000000E+00    2.0223621  -10.000  -10.000  -10.000  -10.000   -9.9999000
 3.07715E+06  6.9555023E-01  1.250E+11  1.250E+11  1.250E+11  1.250E+11  0.0000000E+00    2.0224956  -10.000  -10.000  -10.000  -10.000   -9.9999000
 3.14882E+06  6.9609922E-01  1.250E+11  1.250E+11  1.250E+11  1.250E+11  0.0000000E+00    2.0228382  -10.000  -10.000  -10.000  -10.000   -9.9999000
 3.22217E+06  6.9614472E-01  1.250E+11  1.250E+11  1.250E+11  1.250E+11  0.0000000E+00    2.0228666  -10.000  -10.000  -10.000  -10.000   -9.9999000
 3.29722E+06  6.9679610E-01  1.250E+11  1.250E+11  1.250E+11  1.250E+11  0.0000000E+00    2.0232728  -10.000  -10.000  -10.000  -10.000   -9.9999000
 3.37402E+06  6.9673217E-01  1.250E+11  1.250E+11  1.250E+11  1.250E+11  0.0000000E+00    2.0232330  -10.000  -10.000  -10.000  -10.000   -9.9999000
 3.45262E+06  6.9708721E-01  1.250E+11  1.250E+11  1.250E+11  1.250E+11  0.0000000E+00    2.0234542  -10.000  -10.000  -10.000  -10.000   -9.9999000
 3.53304E+06  6.9768307E-01  1.250E+11  1.250E+11  1.250E+11  1.250E+11  0.0000000E+00    2.0238253  -10.000  -10.000  -10.000  -10.000   -9.9999000
 3.61533E+06  6.9766625E-01  1.250E+11  1.250E+11  1.250E+11  1.250E+11  0.0000000E+00    2.0238148  -10.000  -10.000  -10.000  -10.000   -9.9999000
 3.69955E+06  6.9831694E-01  1.250E+11  1.250E+11  1.250E+11  1.250E+11  0.0000000E+00    2.0242197  -10.000  -10.000  -10.000  -10.000   -9.9999000
 3.78572E+06  6.9830595E-01  1.250E+11  1.250E+11  1.250E+11  1.250E+11  0.0000000E+00    2.0242128  -10.000  -10.000  -10.000  -10.000   -9.9999000
 3.87390E+06  6.9892569E-01  1.250E+11  1.250E+11  1.250E+11  1.250E+11  0.0000000E+00    2.0245981  -10.000  -10.000  -10.000  -10.000   -9.9999000
 3.96414E+06  6.9896311E-01  1.250E+11  1.250E+11  1.250E+11  1.250E+11  0.0000000E+00    2.0246213  -10.000  -10.000  -10.000  -10.000   -9.9999000
 4.05647E+06  6.9926925E-01  1.250E+11  1.250E+11  1.250E+11  1.250E+11  0.0000000E+00    2.0248115  -10.000  -10.000  -10.000  -10.000   -9.9999000
 4.15096E+06  6.9985450E-01  1.250E+11  1.250E+11  1.250E+11  1.250E+11  0.0000000E+00    2.0251748  -10.000  -10.000  -10.000  -10.000   -9.9999000
 4.24765E+06  7.0000801E-01  1.250E+11  1.250E+11  1.250E+11  1.250E+11  0.0000000E+00    2.0252701  -10.000  -10.000  -10.000  -10.000   -9.9999000
 4.34659E+06  7.0064382E-01  1.250E+11  1.250E+11  1.250E+11  1.250E+11  0.0000000E+00    2.0256644  -10.000  -10.000  -10.000  -10.000   -9.9999000
 4.44784E+06  7.0076453E-01  1.250E+11  1.250E+11  1.250E+11  1.250E+11  0.0000000E+00    2.0257392  -10.000  -10.000  -10.000  -10.000   -9.9999000
 4.55144E+06  7.0108264E-01  1.250E+11  1.250E+11  1.250E+11  1.250E+11  0.0000000E+00    2.0259363  -10.000  -10.000  -10.000  -10.000   -9.9999000
 4.65746E+06  7.0203652E-01  1.250E+11  1.250E+11  1.250E+11  1.250E+11  0.0000000E+00    2.0265268  -10.000  -10.000  -10.000  -10.000   -9.9999000
