 8.00200E+01  6.6629905E-01  1.250E+11  1.250E+11  1.250E+11  1.250E+11  0.0000000E+00    2.0005312  -10.000  -10.000  -10.000  -10.000   -9.9999000
 1.59660E+02  6.6694659E-01  1.250E+11  1.250E+11  1.250E+11  1.250E+11  0.0000000E+00    2.0009531  -10.000  -10.000  -10.000  -10.000   -9.9999000
 2.39030E+02  6.6770288E-01  1.250E+11  1.250E+11  1.250E+11  1.250E+11  0.0000000E+00    2.0014453  -10.000  -10.000  -10.000  -10.000   -9.9999000
 3.18840E+02  6.6795709E-01  1.250E+11  1.250E+11  1.250E+11  1.250E+11  0.0000000E+00    2.0016106  -10.000  -10.000  -10.000  -10.000   -9.9999000
 3.98210E+02  6.6837982E-01  1.250E+11  1.250E+11  1.250E+11  1.250E+11  0.0000000E+00    2.0018853  -10.000  -10.000  -10.000  -10.000   -9.9999000
 4.78340E+02  6.6877893E-01  1.250E+11  1.250E+11  1.250E+11  1.250E+11  0.0000000E+00    2.0021446  -10.000  -10.000  -10.000  -10.000   -9.9999000
 5.57710E+02  6.6912890E-01  1.250E+11  1.250E+11  1.250E+11  1.250E+11  0.0000000E+00    2.0023718  -10.000  -10.000  -10.000  -10.000   -9.9999000
 6.37410E+02  6.6964929E-01  1.250E+11  1.250E+11  1.250E+11  1.250E+11  0.0000000E+00    2.0027094  -10.000  -10.000  -10.000  -10.000   -9.9999000
 7.16770E+02  6.6971105E-01  1.250E+11  1.250E+11  1.250E+11  1.250E+11  0.0000000E+00    2.0027495  -10.000  -10.000  -10.000  -10.000   -9.9999000
 7.96200E+02  6.6991665E-01  1.250E+11  1.250E+11  1.250E+11  1.250E+11  0.0000000E+00    2.0028828  -10.000  -10.000  -10.000  -10.000   -9.9999000
 8.76000E+02  6.7015132E-01  1.250E+11  1.250E+11  1.250E+11  1.250E+11  0.0000000E+00    2.0030349  -10.000  -10.000  -10.000  -10.000   -9.9999000
 9.55810E+02  6.7064390E-01  1.250E+11  1.250E+11  1.250E+11  1.250E+11  0.0000000E+00    2.0033540  -10.000  -10.000  -10.000  -10.000   -9.9999000
 1.03518E+03  6.7060246E-01  1.250E+11  1.250E+11  1.250E+11  1.250E+11  0.0000000E+00    2.0033271  -10.000  -10.000  -10.000  -10.000   -9.9999000
 1.11537E+03  6.7078209E-01  1.250E+11  1.250E+11  1.250E+11  1.250E+11  0.0000000E+00    2.0034435  -10.000  -10.000  -10.000  -10.000   -9.9999000
 1.19474E+03  6.7092871E-01  1.250E+11  1.250E+11  1.250E+11  1.250E+11  0.0000000E+00    2.0035384  -10.000  -10.000  -10.000  -10.000   -9.9999000
 1.27421E+03  6.7105640E-01  1.250E+11  1.250E+11  1.250E+11  1.250E+11  0.0000000E+00    2.0036210  -10.000  -10.000  -10.000  -10.000   -9.9999000
 1.35424E+03  6.7140431E-01  1.250E+11  1.250E+11  1.250E+11  1.250E+11  0.0000000E+00    2.0038461  -10.000  -10.000  -10.000  -10.000   -9.9999000
 1.43355E+03  6.7130716E-01  1.250E+11  1.250E+11  1.250E+11  1.250E+11  0.0000000E+00    2.0037833  -10.000  -10.000  -10.000  -10.000   -9.9999000
 1.51292E+03  6.7142084E-01  1.250E+11  1.250E+11  1.250E+11  1.250E+11  0.0000000E+00    2.0038568  -10.000  -10.000  -10.000  -10.000   -9.9999000
 1.59240E+03  6.7154742E-01  1.250E+11  1.250E+11  1.250E+11  1.250E+11  0.0000000E+00    2.0039387  -10.000  -10.000  -10.000  -10.000   -9.9999000
 1.67187E+03  6.7192111E-01  1.250E+11  1.250E+11  1.250E+11  1.250E+11  0.0000000E+00    2.0041803  -10.000  -10.000  -10.000  -10.000   -9.9999000
 1.75119E+03  6.7180779E-01  1.250E+11  1.250E+11  1.250E+11  1.250E+11  0.0000000E+00    2.0041070  -10.000  -10.000  -10.000  -10.000   -9.9999000
 1.83110E+03  6.7191955E-01  1.250E+11  1.250E+11  1.250E+11  1.250E+11  0.0000000E+00    2.0041793  -10.000  -10.000  -10.000  -10.000   -9.9999000
 1.91047E+03  6.7200366E-01  1.250E+11  1.250E+11  1.250E+11  1.250E+11  0.0000000E+00    2.0042336  -10.000  -10.000  -10.000  -10.000   -9.9999000
 1.98995E+03  6.7209662E-01  1.250E+11  1.250E+11  1.250E+11  1.250E+11  0.0000000E+00    2.0042937  -10.000  -10.000  -10.000  -10.000   -9.9999000
 2.06931E+03  6.7245784E-01  1.250E+11  1.250E+11  1.250E+11  1.250E+11  0.0000000E+00    2.0045271  -10.000  -10.000  -10.000  -10.000   -9.9999000
 2.14940E+03  6.7228040E-01  1.250E+11  1.250E+11  1.250E+11  1.250E+11  0.0000000E+00    2.0044125  -10.000  -10.000  -10.000  -10.000   -9.9999000
 2.22882E+03  6.7238531E-01  1.250E+11  1.250E+11  1.250E+11  1.250E+11  0.0000000E+00    2.0044802  -10.000  -10.000  -10.000  -10.000   -9.9999000
 2.30830E+03  6.7243271E-01  1.250E+11  1.250E+11  1.250E+11  1.250E+11  0.0000000E+00    2.0045108  -10.000  -10.000  -10.000  -10.000   -9.9999000
 2.38821E+03  6.7276248E-01  1.250E+11  1.250E+11  1.250E+11  1.250E+11  0.0000000E+00    2.0047238  -10.000  -10.000  -10.000  -10.000   -9.9999000
 2.46769E+03  6.7261477E-01  1.250E+11  1.250E+11  1.250E+11  1.250E+11  0.0000000E+00    2.0046284  -10.000  -10.000  -10.000  -10.000   -9.9999000
 2.54706E+03  6.7266539E-01  1.250E+11  1.250E+11  1.250E+11  1.250E+11  0.0000000E+00    2.0046611  -10.000  -10.000  -10.000  -10.000   -9.9999000
 2.62747E+03  6.7272753E-01  1.250E+11  1.250E+11  1.250E+11  1.250E+11  0.0000000E+00    2.0047012  -10.000  -10.000  -10.000  -10.000   -9.9999000
 2.70513E+03  6.7279786E-01  1.250E+11  1.250E+11  1.250E+11  1.250E+11  0.0000000E+00    2.0047466  -10.000  -10.000  -10.000  -10.000   -9.9999000
 2.78494E+03  6.7310484E-01  1.250E+11  1.250E+11  1.250E+11  1.250E+11  0.0000000E+00    2.0049447  -10.000  -10.000  -10.000  -10.000   -9.9999000
 2.86425E+03  6.7293711E-01  1.250E+11  1.250E+11  1.250E+11  1.250E+11  0.0000000E+00    2.0048365  -10.000  -10.000  -10.000  -10.000   -9.9999000
 2.94345E+03  6.7301632E-01  1.250E+11  1.250E+11  1.250E+11  1.250E+11  0.0000000E+00    2.0048876  -10.000  -10.000  -10.000  -10.000   -9.9999000
 3.01881E+03  6.7301773E-01  1.250E+11  1.250E+11  1.250E+11  1.250E+11  0.0000000E+00    2.0048885  -10.000  -10.000  -10.000  -10.000   -9.9999000
 3.09856E+03  6.7308750E-01  1.250E+11  1.250E+11  1.250E+11  1.250E+11  0.0000000E+00    2.0049335  -10.000  -10.000  -10.000  -10.000   -9.9999000
 3.17760E+03  6.7335287E-01  1.250E+11  1.250E+11  1.250E+11  1.250E+11  0.0000000E+00    2.0051047  -10.000  -10.000  -10.000  -10.000   -9.9999000
 3.25494E+03  6.7318565E-01  1.250E+11  1.250E+11  1.250E+11  1.250E+11  0.0000000E+00    2.0049969  -10.000  -10.000  -10.000  -10.000   -9.9999000
 3.33156E+03  6.7321716E-01  1.250E+11  1.250E+11  1.250E+11  1.250E+11  0.0000000E+00    2.0050172  -10.000  -10.000  -10.000  -10.000   -9.9999000
 3.41070E+03  6.7327607E-01  1.250E+11  1.250E+11  1.250E+11  1.250E+11  0.0000000E+00    2.0050552  -10.000  -10.000  -10.000  -10.000   -9.9999000
 3.48628E+03  6.7358391E-01  1.250E+11  1.250E+11  1.250E+11  1.250E+11  0.0000000E+00    2.0052537  -10.000  -10.000  -10.000  -10.000   -9.9999000
 3.56241E+03  6.7340791E-01  1.250E+11  1.250E+11  1.250E+11  1.250E+11  0.0000000E+00    2.0051402  -10.000  -10.000  -10.000  -10.000   -9.9999000
 3.64134E+03  6.7342444E-01  1.250E+11  1.250E+11  1.250E+11  1.250E+11  0.0000000E+00    2.0051509  -10.000  -10.000  -10.000  -10.000   -9.9999000
 3.71818E+03  6.7346249E-01  1.250E+11  1.250E+11  1.250E+11  1.250E+11  0.0000000E+00    2.0051754  -10.000  -10.000  -10.000  -10.000   -9.9999000
 3.79408E+03  6.7351921E-01  1.250E+11  1.250E+11  1.250E+11  1.250E+11  0.0000000E+00    2.0052120  -10.000  -10.000  -10.000  -10.000   -9.9999000
 3.87411E+03  6.7379782E-01  1.250E+11  1.250E+11  1.250E+11  1.250E+11  0.0000000E+00    2.0053916  -10.000  -10.000  -10.000  -10.000   -9.9999000
 3.94947E+03  6.7360469E-01  1.250E+11  1.250E+11  1.250E+11  1.250E+11  0.0000000E+00    2.0052671  -10.000  -10.000  -10.000  -10.000   -9.9999000
 4.03318E+03  6.7364273E-01  1.250E+11  1.250E+11  1.250E+11  1.250E+11  0.0000000E+00    2.0052916  -10.000  -10.000  -10.000  -10.000   -9.9999000
 4.10875E+03  6.7364273E-01  1.250E+11  1.250E+11  1.250E+11  1.250E+11  0.0000000E+00    2.0052916  -10.000  -10.000  -10.000  -10.000   -9.9999000
 4.11738E+03  6.7367381E-01  1.250E+11  1.250E+11  1.250E+11  1.250E+11  0.0000000E+00    2.0053117  -10.000  -10.000  -10.000  -10.000   -9.9999000
 4.19175E+03  6.7393594E-01  1.250E+11  1.250E+11  1.250E+11  1.250E+11  0.0000000E+00    2.0054806  -10.000  -10.000  -10.000  -10.000   -9.9999000
 4.27260E+03  6.7374327E-01  1.250E+11  1.250E+11  1.250E+11  1.250E+11  0.0000000E+00    2.0053564  -10.000  -10.000  -10.000  -10.000   -9.9999000
 4.34856E+03  6.7375829E-01  1.250E+11  1.250E+11  1.250E+11  1.250E+11  0.0000000E+00    2.0053661  -10.000  -10.000  -10.000  -10.000   -9.9999000
 4.42562E+03  6.7381270E-01  1.250E+11  1.250E+11  1.250E+11  1.250E+11  0.0000000E+00    2.0054012  -10.000  -10.000  -10.000  -10.000   -9.9999000
 4.52844E+03  6.7386017E-01  1.250E+11  1.250E+11  1.250E+11  1.250E+11  0.0000000E+00    2.0054318  -10.000  -10.000  -10.000  -10.000   -9.9999000
 4.60006E+03  6.7386017E-01  1.250E+11  1.250E+11  1.250E+11  1.250E+11  0.0000000E+00    2.0054318  -10.000  -10.000  -10.000  -10.000   -9.9999000
 4.61022E+03  6.7416110E-01  1.250E+11  1.250E+11  1.250E+11  1.250E+11  0.0000000E+00    2.0056257  -10.000  -10.000  -10.000  -10.000   -9.9999000
 4.68959E+03  6.7394587E-01  1.250E+11  1.250E+11  1.250E+11  1.250E+11  0.0000000E+00    2.0054870  -10.000  -10.000  -10.000  -10.000   -9.9999000
 4.76456E+03  6.7394075E-01  1.250E+11  1.250E+11  1.250E+11  1.250E+11  0.0000000E+00    2.0054837  -10.000  -10.000  -10.000  -10.000   -9.9999000
 4.84157E+03  6.7394075E-01  1.250E+11  1.250E+11  1.250E+11  1.250E+11  0.0000000E+00    2.0054837  -10.000  -10.000  -10.000  -10.000   -9.9999000
 4.85118E+03  6.7400032E-01  1.250E+11  1.250E+11  1.250E+11  1.250E+11  0.0000000E+00    2.0055221  -10.000  -10.000  -10.000  -10.000   -9.9999000
 4.92808E+03  6.7428966E-01  1.250E+11  1.250E+11  1.250E+11  1.250E+11  0.0000000E+00    2.0057085  -10.000  -10.000  -10.000  -10.000   -9.9999000
 5.00321E+03  6.7408174E-01  1.250E+11  1.250E+11  1.250E+11  1.250E+11  0.0000000E+00    2.0055746  -10.000  -10.000  -10.000  -10.000   -9.9999000
 5.08555E+03  6.7412478E-01  1.250E+11  1.250E+11  1.250E+11  1.250E+11  0.0000000E+00    2.0056023  -10.000  -10.000  -10.000  -10.000   -9.9999000
 5.15959E+03  6.7412478E-01  1.250E+11  1.250E+11  1.250E+11  1.250E+11  0.0000000E+00    2.0056023  -10.000  -10.000  -10.000  -10.000   -9.9999000
 5.16854E+03  6.7415615E-01  1.250E+11  1.250E+11  1.250E+11  1.250E+11  0.0000000E+00    2.0056225  -10.000  -10.000  -10.000  -10.000   -9.9999000
 5.24824E+03  6.7419329E-01  1.250E+11  1.250E+11  1.250E+11  1.250E+11  0.0000000E+00    2.0056464  -10.000  -10.000  -10.000  -10.000   -9.9999000
 5.32727E+03  6.7444886E-01  1.250E+11  1.250E+11  1.250E+11  1.250E+11  0.0000000E+00    2.0058110  -10.000  -10.000  -10.000  -10.000   -9.9999000
 5.40214E+03  6.7444886E-01  1.250E+11  1.250E+11  1.250E+11  1.250E+11  0.0000000E+00    2.0058110  -10.000  -10.000  -10.000  -10.000   -9.9999000
 5.41071E+03  6.7426869E-01  1.250E+11  1.250E+11  1.250E+11  1.250E+11  0.0000000E+00    2.0056950  -10.000  -10.000  -10.000  -10.000   -9.9999000
 5.48387E+03  6.7430147E-01  1.250E+11  1.250E+11  1.250E+11  1.250E+11  0.0000000E+00    2.0057161  -10.000  -10.000  -10.000  -10.000   -9.9999000
 5.56219E+03  6.7430147E-01  1.250E+11  1.250E+11  1.250E+11  1.250E+11  0.0000000E+00    2.0057161  -10.000  -10.000  -10.000  -10.000   -9.9999000
 5.57241E+03  6.7434682E-01  1.250E+11  1.250E+11  1.250E+11  1.250E+11  0.0000000E+00    2.0057453  -10.000  -10.000  -10.000  -10.000   -9.9999000
 5.64623E+03  6.7437794E-01  1.250E+11  1.250E+11  1.250E+11  1.250E+11  0.0000000E+00    2.0057654  -10.000  -10.000  -10.000  -10.000   -9.9999000
 5.72367E+03  6.7463820E-01  1.250E+11  1.250E+11  1.250E+11  1.250E+11  0.0000000E+00    2.0059329  -10.000  -10.000  -10.000  -10.000   -9.9999000
 5.79738E+03  6.7463820E-01  1.250E+11  1.250E+11  1.250E+11  1.250E+11  0.0000000E+00    2.0059329  -10.000  -10.000  -10.000  -10.000   -9.9999000
 5.80732E+03  6.7443704E-01  1.250E+11  1.250E+11  1.250E+11  1.250E+11  0.0000000E+00    2.0058034  -10.000  -10.000  -10.000  -10.000   -9.9999000
 5.88504E+03  6.7446051E-01  1.250E+11  1.250E+11  1.250E+11  1.250E+11  0.0000000E+00    2.0058185  -10.000  -10.000  -10.000  -10.000   -9.9999000
 5.95952E+03  6.7446051E-01  1.250E+11  1.250E+11  1.250E+11  1.250E+11  0.0000000E+00    2.0058185  -10.000  -10.000  -10.000  -10.000   -9.9999000
 5.96908E+03  6.7448072E-01  1.250E+11  1.250E+11  1.250E+11  1.250E+11  0.0000000E+00    2.0058315  -10.000  -10.000  -10.000  -10.000   -9.9999000
 6.04587E+03  6.7477766E-01  1.250E+11  1.250E+11  1.250E+11  1.250E+11  0.0000000E+00    2.0060227  -10.000  -10.000  -10.000  -10.000   -9.9999000
 6.12194E+03  6.7459761E-01  1.250E+11  1.250E+11  1.250E+11  1.250E+11  0.0000000E+00    2.0059068  -10.000  -10.000  -10.000  -10.000   -9.9999000
 6.22855E+03  6.7459761E-01  1.250E+11  1.250E+11  1.250E+11  1.250E+11  0.0000000E+00    2.0059068  -10.000  -10.000  -10.000  -10.000   -9.9999000
 6.23893E+03  6.7460592E-01  1.250E+11  1.250E+11  1.250E+11  1.250E+11  0.0000000E+00    2.0059121  -10.000  -10.000  -10.000  -10.000   -9.9999000
 6.31368E+03  6.7464847E-01  1.250E+11  1.250E+11  1.250E+11  1.250E+11  0.0000000E+00    2.0059395  -10.000  -10.000  -10.000  -10.000   -9.9999000
 6.38668E+03  6.7464847E-01  1.250E+11  1.250E+11  1.250E+11  1.250E+11  0.0000000E+00    2.0059395  -10.000  -10.000  -10.000  -10.000   -9.9999000
 6.39481E+03  6.7468230E-01  1.250E+11  1.250E+11  1.250E+11  1.250E+11  0.0000000E+00    2.0059613  -10.000  -10.000  -10.000  -10.000   -9.9999000
 6.47286E+03  6.7493964E-01  1.250E+11  1.250E+11  1.250E+11  1.250E+11  0.0000000E+00    2.0061269  -10.000  -10.000  -10.000  -10.000   -9.9999000
 6.55618E+03  6.7478373E-01  1.250E+11  1.250E+11  1.250E+11  1.250E+11  0.0000000E+00    2.0060266  -10.000  -10.000  -10.000  -10.000   -9.9999000
 6.70893E+03  6.7481738E-01  1.250E+11  1.250E+11  1.250E+11  1.250E+11  0.0000000E+00    2.0060483  -10.000  -10.000  -10.000  -10.000   -9.9999000
 6.86662E+03  6.7487310E-01  1.250E+11  1.250E+11  1.250E+11  1.250E+11  0.0000000E+00    2.0060841  -10.000  -10.000  -10.000  -10.000   -9.9999000
 7.02607E+03  6.7491459E-01  1.250E+11  1.250E+11  1.250E+11  1.250E+11  0.0000000E+00    2.0061108  -10.000  -10.000  -10.000  -10.000   -9.9999000
 7.19024E+03  6.7524012E-01  1.250E+11  1.250E+11  1.250E+11  1.250E+11  0.0000000E+00    2.0063202  -10.000  -10.000  -10.000  -10.000   -9.9999000
 7.35853E+03  6.7505772E-01  1.250E+11  1.250E+11  1.250E+11  1.250E+11  0.0000000E+00    2.0062029  -10.000  -10.000  -10.000  -10.000   -9.9999000
 7.53034E+03  6.7510499E-01  1.250E+11  1.250E+11  1.250E+11  1.250E+11  0.0000000E+00    2.0062333  -10.000  -10.000  -10.000  -10.000   -9.9999000
 7.70665E+03  6.7515615E-01  1.250E+11  1.250E+11  1.250E+11  1.250E+11  0.0000000E+00    2.0062662  -10.000  -10.000  -10.000  -10.000   -9.9999000
 7.88664E+03  6.7546867E-01  1.250E+11  1.250E+11  1.250E+11  1.250E+11  0.0000000E+00    2.0064672  -10.000  -10.000  -10.000  -10.000   -9.9999000
 8.07097E+03  6.7531660E-01  1.250E+11  1.250E+11  1.250E+11  1.250E+11  0.0000000E+00    2.0063694  -10.000  -10.000  -10.000  -10.000   -9.9999000
 8.25898E+03  6.7533706E-01  1.250E+11  1.250E+11  1.250E+11  1.250E+11  0.0000000E+00    2.0063826  -10.000  -10.000  -10.000  -10.000   -9.9999000
 8.45188E+03  6.7536537E-01  1.250E+11  1.250E+11  1.250E+11  1.250E+11  0.0000000E+00    2.0064008  -10.000  -10.000  -10.000  -10.000   -9.9999000
 8.64933E+03  6.7545198E-01  1.250E+11  1.250E+11  1.250E+11  1.250E+11  0.0000000E+00    2.0064565  -10.000  -10.000  -10.000  -10.000   -9.9999000
 8.85146E+03  6.7577068E-01  1.250E+11  1.250E+11  1.250E+11  1.250E+11  0.0000000E+00    2.0066613  -10.000  -10.000  -10.000  -10.000   -9.9999000
 9.05803E+03  6.7561965E-01  1.250E+11  1.250E+11  1.250E+11  1.250E+11  0.0000000E+00    2.0065643  -10.000  -10.000  -10.000  -10.000   -9.9999000
 9.26961E+03  6.7566966E-01  1.250E+11  1.250E+11  1.250E+11  1.250E+11  0.0000000E+00    2.0065964  -10.000  -10.000  -10.000  -10.000   -9.9999000
 9.48623E+03  6.7576069E-01  1.250E+11  1.250E+11  1.250E+11  1.250E+11  0.0000000E+00    2.0066549  -10.000  -10.000  -10.000  -10.000   -9.9999000
 9.70753E+03  6.7603042E-01  1.250E+11  1.250E+11  1.250E+11  1.250E+11  0.0000000E+00    2.0068282  -10.000  -10.000  -10.000  -10.000   -9.9999000
 9.93574E+03  6.7589995E-01  1.250E+11  1.250E+11  1.250E+11  1.250E+11  0.0000000E+00    2.0067444  -10.000  -10.000  -10.000  -10.000   -9.9999000
 1.01662E+04  6.7592918E-01  1.250E+11  1.250E+11  1.250E+11  1.250E+11  0.0000000E+00    2.0067632  -10.000  -10.000  -10.000  -10.000   -9.9999000
 1.04036E+04  6.7595443E-01  1.250E+11  1.250E+11  1.250E+11  1.250E+11  0.0000000E+00    2.0067794  -10.000  -10.000  -10.000  -10.000   -9.9999000
 1.06467E+04  6.7606849E-01  1.250E+11  1.250E+11  1.250E+11  1.250E+11  0.0000000E+00    2.0068527  -10.000  -10.000  -10.000  -10.000   -9.9999000
 1.08949E+04  6.7633671E-01  1.250E+11  1.250E+11  1.250E+11  1.250E+11  0.0000000E+00    2.0070250  -10.000  -10.000  -10.000  -10.000   -9.9999000
 1.11492E+04  6.7618968E-01  1.250E+11  1.250E+11  1.250E+11  1.250E+11  0.0000000E+00    2.0069305  -10.000  -10.000  -10.000  -10.000   -9.9999000
 1.14095E+04  6.7622847E-01  1.250E+11  1.250E+11  1.250E+11  1.250E+11  0.0000000E+00    2.0069555  -10.000  -10.000  -10.000  -10.000   -9.9999000
 1.16762E+04  6.7624722E-01  1.250E+11  1.250E+11  1.250E+11  1.250E+11  0.0000000E+00    2.0069675  -10.000  -10.000  -10.000  -10.000   -9.9999000
 1.19483E+04  6.7630755E-01  1.250E+11  1.250E+11  1.250E+11  1.250E+11  0.0000000E+00    2.0070062  -10.000  -10.000  -10.000  -10.000   -9.9999000
 1.22271E+04  6.7664951E-01  1.250E+11  1.250E+11  1.250E+11  1.250E+11  0.0000000E+00    2.0072258  -10.000  -10.000  -10.000  -10.000   -9.9999000
 1.25126E+04  6.7645198E-01  1.250E+11  1.250E+11  1.250E+11  1.250E+11  0.0000000E+00    2.0070990  -10.000  -10.000  -10.000  -10.000   -9.9999000
 1.28045E+04  6.7653609E-01  1.250E+11  1.250E+11  1.250E+11  1.250E+11  0.0000000E+00    2.0071530  -10.000  -10.000  -10.000  -10.000   -9.9999000
 1.31043E+04  6.7662285E-01  1.250E+11  1.250E+11  1.250E+11  1.250E+11  0.0000000E+00    2.0072087  -10.000  -10.000  -10.000  -10.000   -9.9999000
 1.34101E+04  6.7688198E-01  1.250E+11  1.250E+11  1.250E+11  1.250E+11  0.0000000E+00    2.0073750  -10.000  -10.000  -10.000  -10.000   -9.9999000
 1.37220E+04  6.7673411E-01  1.250E+11  1.250E+11  1.250E+11  1.250E+11  0.0000000E+00    2.0072801  -10.000  -10.000  -10.000  -10.000   -9.9999000
 1.40423E+04  6.7678251E-01  1.250E+11  1.250E+11  1.250E+11  1.250E+11  0.0000000E+00    2.0073111  -10.000  -10.000  -10.000  -10.000   -9.9999000
 1.43697E+04  6.7682840E-01  1.250E+11  1.250E+11  1.250E+11  1.250E+11  0.0000000E+00    2.0073406  -10.000  -10.000  -10.000  -10.000   -9.9999000
 1.47049E+04  6.7688659E-01  1.250E+11  1.250E+11  1.250E+11  1.250E+11  0.0000000E+00    2.0073779  -10.000  -10.000  -10.000  -10.000   -9.9999000
 1.50484E+04  6.7715375E-01  1.250E+11  1.250E+11  1.250E+11  1.250E+11  0.0000000E+00    2.0075493  -10.000  -10.000  -10.000  -10.000   -9.9999000
 1.53991E+04  6.7702263E-01  1.250E+11  1.250E+11  1.250E+11  1.250E+11  0.0000000E+00    2.0074652  -10.000  -10.000  -10.000  -10.000   -9.9999000
 1.57594E+04  6.7708993E-01  1.250E+11  1.250E+11  1.250E+11  1.250E+11  0.0000000E+00    2.0075084  -10.000  -10.000  -10.000  -10.000   -9.9999000
 1.61260E+04  6.7714596E-01  1.250E+11  1.250E+11  1.250E+11  1.250E+11  0.0000000E+00    2.0075443  -10.000  -10.000  -10.000  -10.000   -9.9999000
 1.65020E+04  6.7719479E-01  1.250E+11  1.250E+11  1.250E+11  1.250E+11  0.0000000E+00    2.0075756  -10.000  -10.000  -10.000  -10.000   -9.9999000
 1.68870E+04  6.7756012E-01  1.250E+11  1.250E+11  1.250E+11  1.250E+11  0.0000000E+00    2.0078098  -10.000  -10.000  -10.000  -10.000   -9.9999000
 1.72809E+04  6.7736847E-01  1.250E+11  1.250E+11  1.250E+11  1.250E+11  0.0000000E+00    2.0076870  -10.000  -10.000  -10.000  -10.000   -9.9999000
 1.76839E+04  6.7738699E-01  1.250E+11  1.250E+11  1.250E+11  1.250E+11  0.0000000E+00    2.0076989  -10.000  -10.000  -10.000  -10.000   -9.9999000
 1.80966E+04  6.7743940E-01  1.250E+11  1.250E+11  1.250E+11  1.250E+11  0.0000000E+00    2.0077325  -10.000  -10.000  -10.000  -10.000   -9.9999000
 1.85188E+04  6.7770464E-01  1.250E+11  1.250E+11  1.250E+11  1.250E+11  0.0000000E+00    2.0079025  -10.000  -10.000  -10.000  -10.000   -9.9999000
 1.89503E+04  6.7761001E-01  1.250E+11  1.250E+11  1.250E+11  1.250E+11  0.0000000E+00    2.0078418  -10.000  -10.000  -10.000  -10.000   -9.9999000
 1.93926E+04  6.7766183E-01  1.250E+11  1.250E+11  1.250E+11  1.250E+11  0.0000000E+00    2.0078750  -10.000  -10.000  -10.000  -10.000   -9.9999000
 1.98445E+04  6.7768713E-01  1.250E+11  1.250E+11  1.250E+11  1.250E+11  0.0000000E+00    2.0078912  -10.000  -10.000  -10.000  -10.000   -9.9999000
 2.03089E+04  6.7775933E-01  1.250E+11  1.250E+11  1.250E+11  1.250E+11  0.0000000E+00    2.0079375  -10.000  -10.000  -10.000  -10.000   -9.9999000
 2.07809E+04  6.7806192E-01  1.250E+11  1.250E+11  1.250E+11  1.250E+11  0.0000000E+00    2.0081314  -10.000  -10.000  -10.000  -10.000   -9.9999000
 2.12655E+04  6.7792599E-01  1.250E+11  1.250E+11  1.250E+11  1.250E+11  0.0000000E+00    2.0080443  -10.000  -10.000  -10.000  -10.000   -9.9999000
 2.17614E+04  6.7790830E-01  1.250E+11  1.250E+11  1.250E+11  1.250E+11  0.0000000E+00    2.0080330  -10.000  -10.000  -10.000  -10.000   -9.9999000
 2.22690E+04  6.7797706E-01  1.250E+11  1.250E+11  1.250E+11  1.250E+11  0.0000000E+00    2.0080770  -10.000  -10.000  -10.000  -10.000   -9.9999000
 2.27884E+04  6.7814340E-01  1.250E+11  1.250E+11  1.250E+11  1.250E+11  0.0000000E+00    2.0081835  -10.000  -10.000  -10.000  -10.000   -9.9999000
 2.33197E+04  6.7841781E-01  1.250E+11  1.250E+11  1.250E+11  1.250E+11  0.0000000E+00    2.0083592  -10.000  -10.000  -10.000  -10.000   -9.9999000
 2.38635E+04  6.7826138E-01  1.250E+11  1.250E+11  1.250E+11  1.250E+11  0.0000000E+00    2.0082591  -10.000  -10.000  -10.000  -10.000   -9.9999000
 2.44199E+04  6.7835102E-01  1.250E+11  1.250E+11  1.250E+11  1.250E+11  0.0000000E+00    2.0083165  -10.000  -10.000  -10.000  -10.000   -9.9999000
 2.49888E+04  6.7832384E-01  1.250E+11  1.250E+11  1.250E+11  1.250E+11  0.0000000E+00    2.0082991  -10.000  -10.000  -10.000  -10.000   -9.9999000
 2.55725E+04  6.7863211E-01  1.250E+11  1.250E+11  1.250E+11  1.250E+11  0.0000000E+00    2.0084964  -10.000  -10.000  -10.000  -10.000   -9.9999000
 2.61676E+04  6.7847740E-01  1.250E+11  1.250E+11  1.250E+11  1.250E+11  0.0000000E+00    2.0083974  -10.000  -10.000  -10.000  -10.000   -9.9999000
 2.67783E+04  6.7847309E-01  1.250E+11  1.250E+11  1.250E+11  1.250E+11  0.0000000E+00    2.0083946  -10.000  -10.000  -10.000  -10.000   -9.9999000
 2.74020E+04  6.7857678E-01  1.250E+11  1.250E+11  1.250E+11  1.250E+11  0.0000000E+00    2.0084610  -10.000  -10.000  -10.000  -10.000   -9.9999000
 2.80412E+04  6.7865619E-01  1.250E+11  1.250E+11  1.250E+11  1.250E+11  0.0000000E+00    2.0085118  -10.000  -10.000  -10.000  -10.000   -9.9999000
 2.86953E+04  6.7893189E-01  1.250E+11  1.250E+11  1.250E+11  1.250E+11  0.0000000E+00    2.0086882  -10.000  -10.000  -10.000  -10.000   -9.9999000
 2.93645E+04  6.7880289E-01  1.250E+11  1.250E+11  1.250E+11  1.250E+11  0.0000000E+00    2.0086057  -10.000  -10.000  -10.000  -10.000   -9.9999000
 3.00479E+04  6.7880166E-01  1.250E+11  1.250E+11  1.250E+11  1.250E+11  0.0000000E+00    2.0086049  -10.000  -10.000  -10.000  -10.000   -9.9999000
 3.07484E+04  6.7888850E-01  1.250E+11  1.250E+11  1.250E+11  1.250E+11  0.0000000E+00    2.0086605  -10.000  -10.000  -10.000  -10.000   -9.9999000
 3.14664E+04  6.7896960E-01  1.250E+11  1.250E+11  1.250E+11  1.250E+11  0.0000000E+00    2.0087123  -10.000  -10.000  -10.000  -10.000   -9.9999000
 3.21991E+04  6.7924427E-01  1.250E+11  1.250E+11  1.250E+11  1.250E+11  0.0000000E+00    2.0088880  -10.000  -10.000  -10.000  -10.000   -9.9999000
 3.29502E+04  6.7913456E-01  1.250E+11  1.250E+11  1.250E+11  1.250E+11  0.0000000E+00    2.0088178  -10.000  -10.000  -10.000  -10.000   -9.9999000
 3.37173E+04  6.7910562E-01  1.250E+11  1.250E+11  1.250E+11  1.250E+11  0.0000000E+00    2.0087993  -10.000  -10.000  -10.000  -10.000   -9.9999000
 3.45033E+04  6.7920279E-01  1.250E+11  1.250E+11  1.250E+11  1.250E+11  0.0000000E+00    2.0088615  -10.000  -10.000  -10.000  -10.000   -9.9999000
 3.53076E+04  6.7921931E-01  1.250E+11  1.250E+11  1.250E+11  1.250E+11  0.0000000E+00    2.0088720  -10.000  -10.000  -10.000  -10.000   -9.9999000
 3.61308E+04  6.7952956E-01  1.250E+11  1.250E+11  1.250E+11  1.250E+11  0.0000000E+00    2.0090704  -10.000  -10.000  -10.000  -10.000   -9.9999000
 3.69727E+04  6.7933944E-01  1.250E+11  1.250E+11  1.250E+11  1.250E+11  0.0000000E+00    2.0089488  -10.000  -10.000  -10.000  -10.000   -9.9999000
 3.78342E+04  6.7945536E-01  1.250E+11  1.250E+11  1.250E+11  1.250E+11  0.0000000E+00    2.0090229  -10.000  -10.000  -10.000  -10.000   -9.9999000
 3.87168E+04  6.7952526E-01  1.250E+11  1.250E+11  1.250E+11  1.250E+11  0.0000000E+00    2.0090676  -10.000  -10.000  -10.000  -10.000   -9.9999000
 3.96183E+04  6.7980071E-01  1.250E+11  1.250E+11  1.250E+11  1.250E+11  0.0000000E+00    2.0092436  -10.000  -10.000  -10.000  -10.000   -9.9999000
 4.05417E+04  6.7965059E-01  1.250E+11  1.250E+11  1.250E+11  1.250E+11  0.0000000E+00    2.0091477  -10.000  -10.000  -10.000  -10.000   -9.9999000
 4.14865E+04  6.7969408E-01  1.250E+11  1.250E+11  1.250E+11  1.250E+11  0.0000000E+00    2.0091755  -10.000  -10.000  -10.000  -10.000   -9.9999000
 4.24538E+04  6.7967717E-01  1.250E+11  1.250E+11  1.250E+11  1.250E+11  0.0000000E+00    2.0091647  -10.000  -10.000  -10.000  -10.000   -9.9999000
 4.34428E+04  6.7986910E-01  1.250E+11  1.250E+11  1.250E+11  1.250E+11  0.0000000E+00    2.0092873  -10.000  -10.000  -10.000  -10.000   -9.9999000
 4.44559E+04  6.8014201E-01  1.250E+11  1.250E+11  1.250E+11  1.250E+11  0.0000000E+00    2.0094616  -10.000  -10.000  -10.000  -10.000   -9.9999000
 4.54913E+04  6.7990037E-01  1.250E+11  1.250E+11  1.250E+11  1.250E+11  0.0000000E+00    2.0093073  -10.000  -10.000  -10.000  -10.000   -9.9999000
 4.65515E+04  6.7994772E-01  1.250E+11  1.250E+11  1.250E+11  1.250E+11  0.0000000E+00    2.0093375  -10.000  -10.000  -10.000  -10.000   -9.9999000
 4.76369E+04  6.7995024E-01  1.250E+11  1.250E+11  1.250E+11  1.250E+11  0.0000000E+00    2.0093391  -10.000  -10.000  -10.000  -10.000   -9.9999000
 4.87468E+04  6.8011937E-01  1.250E+11  1.250E+11  1.250E+11  1.250E+11  0.0000000E+00    2.0094471  -10.000  -10.000  -10.000  -10.000   -9.9999000
 4.98825E+04  6.8044135E-01  1.250E+11  1.250E+11  1.250E+11  1.250E+11  0.0000000E+00    2.0096527  -10.000  -10.000  -10.000  -10.000   -9.9999000
 5.10452E+04  6.8024716E-01  1.250E+11  1.250E+11  1.250E+11  1.250E+11  0.0000000E+00    2.0095287  -10.000  -10.000  -10.000  -10.000   -9.9999000
 5.22345E+04  6.8029192E-01  1.250E+11  1.250E+11  1.250E+11  1.250E+11  0.0000000E+00    2.0095573  -10.000  -10.000  -10.000  -10.000   -9.9999000
 5.34522E+04  6.8036713E-01  1.250E+11  1.250E+11  1.250E+11  1.250E+11  0.0000000E+00    2.0096053  -10.000  -10.000  -10.000  -10.000   -9.9999000
 5.46973E+04  6.8044188E-01  1.250E+11  1.250E+11  1.250E+11  1.250E+11  0.0000000E+00    2.0096530  -10.000  -10.000  -10.000  -10.000   -9.9999000
 5.59723E+04  6.8075822E-01  1.250E+11  1.250E+11  1.250E+11  1.250E+11  0.0000000E+00    2.0098549  -10.000  -10.000  -10.000  -10.000   -9.9999000
 5.72763E+04  6.8060860E-01  1.250E+11  1.250E+11  1.250E+11  1.250E+11  0.0000000E+00    2.0097594  -10.000  -10.000  -10.000  -10.000   -9.9999000
 5.86111E+04  6.8064846E-01  1.250E+11  1.250E+11  1.250E+11  1.250E+11  0.0000000E+00    2.0097849  -10.000  -10.000  -10.000  -10.000   -9.9999000
 5.99773E+04  6.8072402E-01  1.250E+11  1.250E+11  1.250E+11  1.250E+11  0.0000000E+00    2.0098331  -10.000  -10.000  -10.000  -10.000   -9.9999000
 6.13754E+04  6.8076040E-01  1.250E+11  1.250E+11  1.250E+11  1.250E+11  0.0000000E+00    2.0098563  -10.000  -10.000  -10.000  -10.000   -9.9999000
 6.28051E+04  6.8109612E-01  1.250E+11  1.250E+11  1.250E+11  1.250E+11  0.0000000E+00    2.0100704  -10.000  -10.000  -10.000  -10.000   -9.9999000
 6.42678E+04  6.8095253E-01  1.250E+11  1.250E+11  1.250E+11  1.250E+11  0.0000000E+00    2.0099788  -10.000  -10.000  -10.000  -10.000   -9.9999000
 6.57654E+04  6.8091803E-01  1.250E+11  1.250E+11  1.250E+11  1.250E+11  0.0000000E+00    2.0099568  -10.000  -10.000  -10.000  -10.000   -9.9999000
 6.72984E+04  6.8098925E-01  1.250E+11  1.250E+11  1.250E+11  1.250E+11  0.0000000E+00    2.0100023  -10.000  -10.000  -10.000  -10.000   -9.9999000
 6.88659E+04  6.8130824E-01  1.250E+11  1.250E+11  1.250E+11  1.250E+11  0.0000000E+00    2.0102056  -10.000  -10.000  -10.000  -10.000   -9.9999000
 7.04705E+04  6.8115084E-01  1.250E+11  1.250E+11  1.250E+11  1.250E+11  0.0000000E+00    2.0101053  -10.000  -10.000  -10.000  -10.000   -9.9999000
 7.21126E+04  6.8121334E-01  1.250E+11  1.250E+11  1.250E+11  1.250E+11  0.0000000E+00    2.0101451  -10.000  -10.000  -10.000  -10.000   -9.9999000
 7.37928E+04  6.8127019E-01  1.250E+11  1.250E+11  1.250E+11  1.250E+11  0.0000000E+00    2.0101814  -10.000  -10.000  -10.000  -10.000   -9.9999000
 7.55126E+04  6.8133899E-01  1.250E+11  1.250E+11  1.250E+11  1.250E+11  0.0000000E+00    2.0102252  -10.000  -10.000  -10.000  -10.000   -9.9999000
 7.72721E+04  6.8166397E-01  1.250E+11  1.250E+11  1.250E+11  1.250E+11  0.0000000E+00    2.0104323  -10.000  -10.000  -10.000  -10.000   -9.9999000
 7.90725E+04  6.8148144E-01  1.250E+11  1.250E+11  1.250E+11  1.250E+11  0.0000000E+00    2.0103160  -10.000  -10.000  -10.000  -10.000   -9.9999000
 8.09148E+04  6.8156797E-01  1.250E+11  1.250E+11  1.250E+11  1.250E+11  0.0000000E+00    2.0103712  -10.000  -10.000  -10.000  -10.000   -9.9999000
 8.27997E+04  6.8160233E-01  1.250E+11  1.250E+11  1.250E+11  1.250E+11  0.0000000E+00    2.0103931  -10.000  -10.000  -10.000  -10.000   -9.9999000
 8.47292E+04  6.8166851E-01  1.250E+11  1.250E+11  1.250E+11  1.250E+11  0.0000000E+00    2.0104352  -10.000  -10.000  -10.000  -10.000   -9.9999000
 8.67031E+04  6.8199598E-01  1.250E+11  1.250E+11  1.250E+11  1.250E+11  0.0000000E+00    2.0106438  -10.000  -10.000  -10.000  -10.000   -9.9999000
 8.87234E+04  6.8184565E-01  1.250E+11  1.250E+11  1.250E+11  1.250E+11  0.0000000E+00    2.0105481  -10.000  -10.000  -10.000  -10.000   -9.9999000
 9.07904E+04  6.8186485E-01  1.250E+11  1.250E+11  1.250E+11  1.250E+11  0.0000000E+00    2.0105603  -10.000  -10.000  -10.000  -10.000   -9.9999000
 9.29057E+04  6.8193763E-01  1.250E+11  1.250E+11  1.250E+11  1.250E+11  0.0000000E+00    2.0106067  -10.000  -10.000  -10.000  -10.000   -9.9999000
 9.50703E+04  6.8198882E-01  1.250E+11  1.250E+11  1.250E+11  1.250E+11  0.0000000E+00    2.0106393  -10.000  -10.000  -10.000  -10.000   -9.9999000
 9.72853E+04  6.8235391E-01  1.250E+11  1.250E+11  1.250E+11  1.250E+11  0.0000000E+00    2.0108717  -10.000  -10.000  -10.000  -10.000   -9.9999000
 9.95524E+04  6.8220964E-01  1.250E+11  1.250E+11  1.250E+11  1.250E+11  0.0000000E+00    2.0107799  -10.000  -10.000  -10.000  -10.000   -9.9999000
 1.01871E+05  6.8222235E-01  1.250E+11  1.250E+11  1.250E+11  1.250E+11  0.0000000E+00    2.0107879  -10.000  -10.000  -10.000  -10.000   -9.9999000
 1.04245E+05  6.8230232E-01  1.250E+11  1.250E+11  1.250E+11  1.250E+11  0.0000000E+00    2.0108389  -10.000  -10.000  -10.000  -10.000   -9.9999000
 1.06673E+05  6.8237488E-01  1.250E+11  1.250E+11  1.250E+11  1.250E+11  0.0000000E+00    2.0108850  -10.000  -10.000  -10.000  -10.000   -9.9999000
 1.09160E+05  6.8260927E-01  1.250E+11  1.250E+11  1.250E+11  1.250E+11  0.0000000E+00    2.0110342  -10.000  -10.000  -10.000  -10.000   -9.9999000
 1.11702E+05  6.8247843E-01  1.250E+11  1.250E+11  1.250E+11  1.250E+11  0.0000000E+00    2.0109509  -10.000  -10.000  -10.000  -10.000   -9.9999000
 1.14305E+05  6.8250900E-01  1.250E+11  1.250E+11  1.250E+11  1.250E+11  0.0000000E+00    2.0109704  -10.000  -10.000  -10.000  -10.000   -9.9999000
 1.16967E+05  6.8262045E-01  1.250E+11  1.250E+11  1.250E+11  1.250E+11  0.0000000E+00    2.0110413  -10.000  -10.000  -10.000  -10.000   -9.9999000
 1.19692E+05  6.8288748E-01  1.250E+11  1.250E+11  1.250E+11  1.250E+11  0.0000000E+00    2.0112112  -10.000  -10.000  -10.000  -10.000   -9.9999000
 1.22481E+05  6.8281432E-01  1.250E+11  1.250E+11  1.250E+11  1.250E+11  0.0000000E+00    2.0111646  -10.000  -10.000  -10.000  -10.000   -9.9999000
 1.25334E+05  6.8284454E-01  1.250E+11  1.250E+11  1.250E+11  1.250E+11  0.0000000E+00    2.0111838  -10.000  -10.000  -10.000  -10.000   -9.9999000
 1.28255E+05  6.8293395E-01  1.250E+11  1.250E+11  1.250E+11  1.250E+11  0.0000000E+00    2.0112407  -10.000  -10.000  -10.000  -10.000   -9.9999000
 1.31242E+05  6.8291922E-01  1.250E+11  1.250E+11  1.250E+11  1.250E+11  0.0000000E+00    2.0112313  -10.000  -10.000  -10.000  -10.000   -9.9999000
 1.34301E+05  6.8323086E-01  1.250E+11  1.250E+11  1.250E+11  1.250E+11  0.0000000E+00    2.0114295  -10.000  -10.000  -10.000  -10.000   -9.9999000
 1.37429E+05  6.8322272E-01  1.250E+11  1.250E+11  1.250E+11  1.250E+11  0.0000000E+00    2.0114243  -10.000  -10.000  -10.000  -10.000   -9.9999000
 1.40630E+05  6.8326028E-01  1.250E+11  1.250E+11  1.250E+11  1.250E+11  0.0000000E+00    2.0114482  -10.000  -10.000  -10.000  -10.000   -9.9999000
 1.43907E+05  6.8332896E-01  1.250E+11  1.250E+11  1.250E+11  1.250E+11  0.0000000E+00    2.0114918  -10.000  -10.000  -10.000  -10.000   -9.9999000
 1.47260E+05  6.8342881E-01  1.250E+11  1.250E+11  1.250E+11  1.250E+11  0.0000000E+00    2.0115553  -10.000  -10.000  -10.000  -10.000   -9.9999000
 1.50690E+05  6.8372710E-01  1.250E+11  1.250E+11  1.250E+11  1.250E+11  0.0000000E+00    2.0117448  -10.000  -10.000  -10.000  -10.000   -9.9999000
 1.54201E+05  6.8357151E-01  1.250E+11  1.250E+11  1.250E+11  1.250E+11  0.0000000E+00    2.0116460  -10.000  -10.000  -10.000  -10.000   -9.9999000
 1.57793E+05  6.8362521E-01  1.250E+11  1.250E+11  1.250E+11  1.250E+11  0.0000000E+00    2.0116801  -10.000  -10.000  -10.000  -10.000   -9.9999000
 1.61469E+05  6.8376243E-01  1.250E+11  1.250E+11  1.250E+11  1.250E+11  0.0000000E+00    2.0117672  -10.000  -10.000  -10.000  -10.000   -9.9999000
 1.65231E+05  6.8384973E-01  1.250E+11  1.250E+11  1.250E+11  1.250E+11  0.0000000E+00    2.0118227  -10.000  -10.000  -10.000  -10.000   -9.9999000
 1.69080E+05  6.8416831E-01  1.250E+11  1.250E+11  1.250E+11  1.250E+11  0.0000000E+00    2.0120250  -10.000  -10.000  -10.000  -10.000   -9.9999000
 1.73019E+05  6.8395650E-01  1.250E+11  1.250E+11  1.250E+11  1.250E+11  0.0000000E+00    2.0118905  -10.000  -10.000  -10.000  -10.000   -9.9999000
 1.77049E+05  6.8400424E-01  1.250E+11  1.250E+11  1.250E+11  1.250E+11  0.0000000E+00    2.0119208  -10.000  -10.000  -10.000  -10.000   -9.9999000
 1.81174E+05  6.8411432E-01  1.250E+11  1.250E+11  1.250E+11  1.250E+11  0.0000000E+00    2.0119907  -10.000  -10.000  -10.000  -10.000   -9.9999000
 1.85395E+05  6.8419817E-01  1.250E+11  1.250E+11  1.250E+11  1.250E+11  0.0000000E+00    2.0120439  -10.000  -10.000  -10.000  -10.000   -9.9999000
 1.89713E+05  6.8452208E-01  1.250E+11  1.250E+11  1.250E+11  1.250E+11  0.0000000E+00    2.0122495  -10.000  -10.000  -10.000  -10.000   -9.9999000
 1.94133E+05  6.8435461E-01  1.250E+11  1.250E+11  1.250E+11  1.250E+11  0.0000000E+00    2.0121432  -10.000  -10.000  -10.000  -10.000   -9.9999000
 1.98656E+05  6.8439523E-01  1.250E+11  1.250E+11  1.250E+11  1.250E+11  0.0000000E+00    2.0121690  -10.000  -10.000  -10.000  -10.000   -9.9999000
 2.03283E+05  6.8450935E-01  1.250E+11  1.250E+11  1.250E+11  1.250E+11  0.0000000E+00    2.0122414  -10.000  -10.000  -10.000  -10.000   -9.9999000
 2.08019E+05  6.8458524E-01  1.250E+11  1.250E+11  1.250E+11  1.250E+11  0.0000000E+00    2.0122895  -10.000  -10.000  -10.000  -10.000   -9.9999000
 2.12866E+05  6.8485234E-01  1.250E+11  1.250E+11  1.250E+11  1.250E+11  0.0000000E+00    2.0124589  -10.000  -10.000  -10.000  -10.000   -9.9999000
 2.17824E+05  6.8481278E-01  1.250E+11  1.250E+11  1.250E+11  1.250E+11  0.0000000E+00    2.0124339  -10.000  -10.000  -10.000  -10.000   -9.9999000
 2.22898E+05  6.8480865E-01  1.250E+11  1.250E+11  1.250E+11  1.250E+11  0.0000000E+00    2.0124312  -10.000  -10.000  -10.000  -10.000   -9.9999000
 2.28091E+05  6.8485928E-01  1.250E+11  1.250E+11  1.250E+11  1.250E+11  0.0000000E+00    2.0124633  -10.000  -10.000  -10.000  -10.000   -9.9999000
 2.33404E+05  6.8499733E-01  1.250E+11  1.250E+11  1.250E+11  1.250E+11  0.0000000E+00    2.0125509  -10.000  -10.000  -10.000  -10.000   -9.9999000
 2.38841E+05  6.8532871E-01  1.250E+11  1.250E+11  1.250E+11  1.250E+11  0.0000000E+00    2.0127609  -10.000  -10.000  -10.000  -10.000   -9.9999000
 2.44405E+05  6.8524026E-01  1.250E+11  1.250E+11  1.250E+11  1.250E+11  0.0000000E+00    2.0127049  -10.000  -10.000  -10.000  -10.000   -9.9999000
 2.50098E+05  6.8525060E-01  1.250E+11  1.250E+11  1.250E+11  1.250E+11  0.0000000E+00    2.0127114  -10.000  -10.000  -10.000  -10.000   -9.9999000
 2.55925E+05  6.8531893E-01  1.250E+11  1.250E+11  1.250E+11  1.250E+11  0.0000000E+00    2.0127547  -10.000  -10.000  -10.000  -10.000   -9.9999000
 2.61887E+05  6.8543723E-01  1.250E+11  1.250E+11  1.250E+11  1.250E+11  0.0000000E+00    2.0128297  -10.000  -10.000  -10.000  -10.000   -9.9999000
 2.67989E+05  6.8580303E-01  1.250E+11  1.250E+11  1.250E+11  1.250E+11  0.0000000E+00    2.0130614  -10.000  -10.000  -10.000  -10.000   -9.9999000
 2.74230E+05  6.8564758E-01  1.250E+11  1.250E+11  1.250E+11  1.250E+11  0.0000000E+00    2.0129629  -10.000  -10.000  -10.000  -10.000   -9.9999000
 2.80618E+05  6.8568707E-01  1.250E+11  1.250E+11  1.250E+11  1.250E+11  0.0000000E+00    2.0129880  -10.000  -10.000  -10.000  -10.000   -9.9999000
 2.87155E+05  6.8579396E-01  1.250E+11  1.250E+11  1.250E+11  1.250E+11  0.0000000E+00    2.0130557  -10.000  -10.000  -10.000  -10.000   -9.9999000
 2.93844E+05  6.8586740E-01  1.250E+11  1.250E+11  1.250E+11  1.250E+11  0.0000000E+00    2.0131022  -10.000  -10.000  -10.000  -10.000   -9.9999000
 3.00690E+05  6.8616212E-01  1.250E+11  1.250E+11  1.250E+11  1.250E+11  0.0000000E+00    2.0132887  -10.000  -10.000  -10.000  -10.000   -9.9999000
 3.07696E+05  6.8605323E-01  1.250E+11  1.250E+11  1.250E+11  1.250E+11  0.0000000E+00    2.0132198  -10.000  -10.000  -10.000  -10.000   -9.9999000
 3.14861E+05  6.8625207E-01  1.250E+11  1.250E+11  1.250E+11  1.250E+11  0.0000000E+00    2.0133457  -10.000  -10.000  -10.000  -10.000   -9.9999000
 3.22196E+05  6.8624096E-01  1.250E+11  1.250E+11  1.250E+11  1.250E+11  0.0000000E+00    2.0133386  -10.000  -10.000  -10.000  -10.000   -9.9999000
 3.29702E+05  6.8642807E-01  1.250E+11  1.250E+11  1.250E+11  1.250E+11  0.0000000E+00    2.0134570  -10.000  -10.000  -10.000  -10.000   -9.9999000
 3.37382E+05  6.8675734E-01  1.250E+11  1.250E+11  1.250E+11  1.250E+11  0.0000000E+00    2.0136653  -10.000  -10.000  -10.000  -10.000   -9.9999000
 3.45241E+05  6.8659814E-01  1.250E+11  1.250E+11  1.250E+11  1.250E+11  0.0000000E+00    2.0135646  -10.000  -10.000  -10.000  -10.000   -9.9999000
 3.53283E+05  6.8667707E-01  1.250E+11  1.250E+11  1.250E+11  1.250E+11  0.0000000E+00    2.0136145  -10.000  -10.000  -10.000  -10.000   -9.9999000
 3.61513E+05  6.8678219E-01  1.250E+11  1.250E+11  1.250E+11  1.250E+11  0.0000000E+00    2.0136810  -10.000  -10.000  -10.000  -10.000   -9.9999000
 3.69934E+05  6.8685693E-01  1.250E+11  1.250E+11  1.250E+11  1.250E+11  0.0000000E+00    2.0137283  -10.000  -10.000  -10.000  -10.000   -9.9999000
 3.78551E+05  6.8722363E-01  1.250E+11  1.250E+11  1.250E+11  1.250E+11  0.0000000E+00    2.0139601  -10.000  -10.000  -10.000  -10.000   -9.9999000
 3.87369E+05  6.8709980E-01  1.250E+11  1.250E+11  1.250E+11  1.250E+11  0.0000000E+00    2.0138818  -10.000  -10.000  -10.000  -10.000   -9.9999000
 3.96393E+05  6.8715317E-01  1.250E+11  1.250E+11  1.250E+11  1.250E+11  0.0000000E+00    2.0139156  -10.000  -10.000  -10.000  -10.000   -9.9999000
 4.05626E+05  6.8739053E-01  1.250E+11  1.250E+11  1.250E+11  1.250E+11  0.0000000E+00    2.0140655  -10.000  -10.000  -10.000  -10.000   -9.9999000
 4.15075E+05  6.8751700E-01  1.250E+11  1.250E+11  1.250E+11  1.250E+11  0.0000000E+00    2.0141454  -10.000  -10.000  -10.000  -10.000   -9.9999000
 4.24744E+05  6.8782571E-01  1.250E+11  1.250E+11  1.250E+11  1.250E+11  0.0000000E+00    2.0143404  -10.000  -10.000  -10.000  -10.000   -9.9999000
 4.34639E+05  6.8774784E-01  1.250E+11  1.250E+11  1.250E+11  1.250E+11  0.0000000E+00    2.0142912  -10.000  -10.000  -10.000  -10.000   -9.9999000
 4.44763E+05  6.8787431E-01  1.250E+11  1.250E+11  1.250E+11  1.250E+11  0.0000000E+00    2.0143711  -10.000  -10.000  -10.000  -10.000   -9.9999000
 4.55123E+05  6.8795090E-01  1.250E+11  1.250E+11  1.250E+11  1.250E+11  0.0000000E+00    2.0144194  -10.000  -10.000  -10.000  -10.000   -9.9999000
 4.65725E+05  6.8806164E-01  1.250E+11  1.250E+11  1.250E+11  1.250E+11  0.0000000E+00    2.0144893  -10.000  -10.000  -10.000  -10.000   -9.9999000
 4.76574E+05  6.8822750E-01  1.250E+11  1.250E+11  1.250E+11  1.250E+11  0.0000000E+00    2.0145940  -10.000  -10.000  -10.000  -10.000   -9.9999000
 4.87676E+05  6.8853235E-01  1.250E+11  1.250E+11  1.250E+11  1.250E+11  0.0000000E+00    2.0147863  -10.000  -10.000  -10.000  -10.000   -9.9999000
 4.99035E+05  6.8847703E-01  1.250E+11  1.250E+11  1.250E+11  1.250E+11  0.0000000E+00    2.0147515  -10.000  -10.000  -10.000  -10.000   -9.9999000
 5.10661E+05  6.8860534E-01  1.250E+11  1.250E+11  1.250E+11  1.250E+11  0.0000000E+00    2.0148324  -10.000  -10.000  -10.000  -10.000   -9.9999000
 5.22555E+05  6.8875007E-01  1.250E+11  1.250E+11  1.250E+11  1.250E+11  0.0000000E+00    2.0149237  -10.000  -10.000  -10.000  -10.000   -9.9999000
 5.34727E+05  6.8913664E-01  1.250E+11  1.250E+11  1.250E+11  1.250E+11  0.0000000E+00    2.0151673  -10.000  -10.000  -10.000  -10.000   -9.9999000
 5.47185E+05  6.8901419E-01  1.250E+11  1.250E+11  1.250E+11  1.250E+11  0.0000000E+00    2.0150902  -10.000  -10.000  -10.000  -10.000   -9.9999000
 5.59929E+05  6.8914820E-01  1.250E+11  1.250E+11  1.250E+11  1.250E+11  0.0000000E+00    2.0151746  -10.000  -10.000  -10.000  -10.000   -9.9999000
 5.72972E+05  6.8932899E-01  1.250E+11  1.250E+11  1.250E+11  1.250E+11  0.0000000E+00    2.0152885  -10.000  -10.000  -10.000  -10.000   -9.9999000
 5.86319E+05  6.8950246E-01  1.250E+11  1.250E+11  1.250E+11  1.250E+11  0.0000000E+00    2.0153978  -10.000  -10.000  -10.000  -10.000   -9.9999000
 5.99977E+05  6.8984201E-01  1.250E+11  1.250E+11  1.250E+11  1.250E+11  0.0000000E+00    2.0156116  -10.000  -10.000  -10.000  -10.000   -9.9999000
 6.13952E+05  6.8980375E-01  1.250E+11  1.250E+11  1.250E+11  1.250E+11  0.0000000E+00    2.0155876  -10.000  -10.000  -10.000  -10.000   -9.9999000
 6.28254E+05  6.8996254E-01  1.250E+11  1.250E+11  1.250E+11  1.250E+11  0.0000000E+00    2.0156875  -10.000  -10.000  -10.000  -10.000   -9.9999000
 6.42888E+05  6.9004030E-01  1.250E+11  1.250E+11  1.250E+11  1.250E+11  0.0000000E+00    2.0157365  -10.000  -10.000  -10.000  -10.000   -9.9999000
 6.57864E+05  6.9014253E-01  1.250E+11  1.250E+11  1.250E+11  1.250E+11  0.0000000E+00    2.0158008  -10.000  -10.000  -10.000  -10.000   -9.9999000
 6.73188E+05  6.9056084E-01  1.250E+11  1.250E+11  1.250E+11  1.250E+11  0.0000000E+00    2.0160639  -10.000  -10.000  -10.000  -10.000   -9.9999000
 6.88869E+05  6.9045897E-01  1.250E+11  1.250E+11  1.250E+11  1.250E+11  0.0000000E+00    2.0159999  -10.000  -10.000  -10.000  -10.000   -9.9999000
 7.04916E+05  6.9057126E-01  1.250E+11  1.250E+11  1.250E+11  1.250E+11  0.0000000E+00    2.0160705  -10.000  -10.000  -10.000  -10.000   -9.9999000
 7.21335E+05  6.9071103E-01  1.250E+11  1.250E+11  1.250E+11  1.250E+11  0.0000000E+00    2.0161584  -10.000  -10.000  -10.000  -10.000   -9.9999000
 7.38138E+05  6.9087633E-01  1.250E+11  1.250E+11  1.250E+11  1.250E+11  0.0000000E+00    2.0162623  -10.000  -10.000  -10.000  -10.000   -9.9999000
 7.55332E+05  6.9137467E-01  1.250E+11  1.250E+11  1.250E+11  1.250E+11  0.0000000E+00    2.0165755  -10.000  -10.000  -10.000  -10.000   -9.9999000
 7.72926E+05  6.9126134E-01  1.250E+11  1.250E+11  1.250E+11  1.250E+11  0.0000000E+00    2.0165043  -10.000  -10.000  -10.000  -10.000   -9.9999000
 7.90931E+05  6.9140380E-01  1.250E+11  1.250E+11  1.250E+11  1.250E+11  0.0000000E+00    2.0165938  -10.000  -10.000  -10.000  -10.000   -9.9999000
 8.09355E+05  6.9145775E-01  1.250E+11  1.250E+11  1.250E+11  1.250E+11  0.0000000E+00    2.0166276  -10.000  -10.000  -10.000  -10.000   -9.9999000
 8.28207E+05  6.9189996E-01  1.250E+11  1.250E+11  1.250E+11  1.250E+11  0.0000000E+00    2.0169053  -10.000  -10.000  -10.000  -10.000   -9.9999000
 8.47499E+05  6.9195748E-01  1.250E+11  1.250E+11  1.250E+11  1.250E+11  0.0000000E+00    2.0169414  -10.000  -10.000  -10.000  -10.000   -9.9999000
 8.67241E+05  6.9208305E-01  1.250E+11  1.250E+11  1.250E+11  1.250E+11  0.0000000E+00    2.0170202  -10.000  -10.000  -10.000  -10.000   -9.9999000
 8.87442E+05  6.9212417E-01  1.250E+11  1.250E+11  1.250E+11  1.250E+11  0.0000000E+00    2.0170460  -10.000  -10.000  -10.000  -10.000   -9.9999000
 9.08114E+05  6.9222925E-01  1.250E+11  1.250E+11  1.250E+11  1.250E+11  0.0000000E+00    2.0171119  -10.000  -10.000  -10.000  -10.000   -9.9999000
 9.29267E+05  6.9274929E-01  1.250E+11  1.250E+11  1.250E+11  1.250E+11  0.0000000E+00    2.0174381  -10.000  -10.000  -10.000  -10.000   -9.9999000
 9.50913E+05  6.9265248E-01  1.250E+11  1.250E+11  1.250E+11  1.250E+11  0.0000000E+00    2.0173774  -10.000  -10.000  -10.000  -10.000   -9.9999000
 9.73063E+05  6.9277386E-01  1.250E+11  1.250E+11  1.250E+11  1.250E+11  0.0000000E+00    2.0174535  -10.000  -10.000  -10.000  -10.000   -9.9999000
 9.95729E+05  6.9296926E-01  1.250E+11  1.250E+11  1.250E+11  1.250E+11  0.0000000E+00    2.0175760  -10.000  -10.000  -10.000  -10.000   -9.9999000
 1.01892E+06  6.9311176E-01  1.250E+11  1.250E+11  1.250E+11  1.250E+11  0.0000000E+00    2.0176653  -10.000  -10.000  -10.000  -10.000   -9.9999000
 1.04266E+06  6.9365784E-01  1.250E+11  1.250E+11  1.250E+11  1.250E+11  0.0000000E+00    2.0180073  -10.000  -10.000  -10.000  -10.000   -9.9999000
 1.06694E+06  6.9355395E-01  1.250E+11  1.250E+11  1.250E+11  1.250E+11  0.0000000E+00    2.0179423  -10.000  -10.000  -10.000  -10.000   -9.9999000
 1.09180E+06  6.9369518E-01  1.250E+11  1.250E+11  1.250E+11  1.250E+11  0.0000000E+00    2.0180307  -10.000  -10.000  -10.000  -10.000   -9.9999000
 1.11723E+06  6.9389189E-01  1.250E+11  1.250E+11  1.250E+11  1.250E+11  0.0000000E+00    2.0181538  -10.000  -10.000  -10.000  -10.000   -9.9999000
 1.14325E+06  6.9443706E-01  1.250E+11  1.250E+11  1.250E+11  1.250E+11  0.0000000E+00    2.0184949  -10.000  -10.000  -10.000  -10.000   -9.9999000
 1.16988E+06  6.9427346E-01  1.250E+11  1.250E+11  1.250E+11  1.250E+11  0.0000000E+00    2.0183926  -10.000  -10.000  -10.000  -10.000   -9.9999000
 1.19713E+06  6.9432551E-01  1.250E+11  1.250E+11  1.250E+11  1.250E+11  0.0000000E+00    2.0184251  -10.000  -10.000  -10.000  -10.000   -9.9999000
 1.22502E+06  6.9457433E-01  1.250E+11  1.250E+11  1.250E+11  1.250E+11  0.0000000E+00    2.0185807  -10.000  -10.000  -10.000  -10.000   -9.9999000
 1.25355E+06  6.9473119E-01  1.250E+11  1.250E+11  1.250E+11  1.250E+11  0.0000000E+00    2.0186788  -10.000  -10.000  -10.000  -10.000   -9.9999000
 1.28275E+06  6.9525190E-01  1.250E+11  1.250E+11  1.250E+11  1.250E+11  0.0000000E+00    2.0190042  -10.000  -10.000  -10.000  -10.000   -9.9999000
 1.31263E+06  6.9523621E-01  1.250E+11  1.250E+11  1.250E+11  1.250E+11  0.0000000E+00    2.0189944  -10.000  -10.000  -10.000  -10.000   -9.9999000
 1.34321E+06  6.9540294E-01  1.250E+11  1.250E+11  1.250E+11  1.250E+11  0.0000000E+00    2.0190985  -10.000  -10.000  -10.000  -10.000   -9.9999000
 1.37450E+06  6.9560079E-01  1.250E+11  1.250E+11  1.250E+11  1.250E+11  0.0000000E+00    2.0192221  -10.000  -10.000  -10.000  -10.000   -9.9999000
 1.40651E+06  6.9580185E-01  1.250E+11  1.250E+11  1.250E+11  1.250E+11  0.0000000E+00    2.0193476  -10.000  -10.000  -10.000  -10.000   -9.9999000
 1.43928E+06  6.9632462E-01  1.250E+11  1.250E+11  1.250E+11  1.250E+11  0.0000000E+00    2.0196738  -10.000  -10.000  -10.000  -10.000   -9.9999000
 1.47280E+06  6.9629049E-01  1.250E+11  1.250E+11  1.250E+11  1.250E+11  0.0000000E+00    2.0196525  -10.000  -10.000  -10.000  -10.000   -9.9999000
 1.50711E+06  6.9628010E-01  1.250E+11  1.250E+11  1.250E+11  1.250E+11  0.0000000E+00    2.0196460  -10.000  -10.000  -10.000  -10.000   -9.9999000
 1.54221E+06  6.9660857E-01  1.250E+11  1.250E+11  1.250E+11  1.250E+11  0.0000000E+00    2.0198508  -10.000  -10.000  -10.000  -10.000   -9.9999000
 1.57814E+06  6.9686211E-01  1.250E+11  1.250E+11  1.250E+11  1.250E+11  0.0000000E+00    2.0200089  -10.000  -10.000  -10.000  -10.000   -9.9999000
 1.61490E+06  6.9733025E-01  1.250E+11  1.250E+11  1.250E+11  1.250E+11  0.0000000E+00    2.0203005  -10.000  -10.000  -10.000  -10.000   -9.9999000
 1.65251E+06  6.9728533E-01  1.250E+11  1.250E+11  1.250E+11  1.250E+11  0.0000000E+00    2.0202725  -10.000  -10.000  -10.000  -10.000   -9.9999000
 1.69101E+06  6.9743495E-01  1.250E+11  1.250E+11  1.250E+11  1.250E+11  0.0000000E+00    2.0203657  -10.000  -10.000  -10.000  -10.000   -9.9999000
 1.73040E+06  6.9775738E-01  1.250E+11  1.250E+11  1.250E+11  1.250E+11  0.0000000E+00    2.0205664  -10.000  -10.000  -10.000  -10.000   -9.9999000
 1.77070E+06  6.9787460E-01  1.250E+11  1.250E+11  1.250E+11  1.250E+11  0.0000000E+00    2.0206394  -10.000  -10.000  -10.000  -10.000   -9.9999000
 1.81195E+06  6.9824787E-01  1.250E+11  1.250E+11  1.250E+11  1.250E+11  0.0000000E+00    2.0208716  -10.000  -10.000  -10.000  -10.000   -9.9999000
 1.85415E+06  6.9872978E-01  1.250E+11  1.250E+11  1.250E+11  1.250E+11  0.0000000E+00    2.0211713  -10.000  -10.000  -10.000  -10.000   -9.9999000
 1.89734E+06  6.9884681E-01  1.250E+11  1.250E+11  1.250E+11  1.250E+11  0.0000000E+00    2.0212440  -10.000  -10.000  -10.000  -10.000   -9.9999000
 1.94154E+06  6.9903087E-01  1.250E+11  1.250E+11  1.250E+11  1.250E+11  0.0000000E+00    2.0213584  -10.000  -10.000  -10.000  -10.000   -9.9999000
 1.98676E+06  6.9921140E-01  1.250E+11  1.250E+11  1.250E+11  1.250E+11  0.0000000E+00    2.0214705  -10.000  -10.000  -10.000  -10.000   -9.9999000
 2.03304E+06  6.9947336E-01  1.250E+11  1.250E+11  1.250E+11  1.250E+11  0.0000000E+00    2.0216332  -10.000  -10.000  -10.000  -10.000   -9.9999000
 2.08040E+06  7.0006136E-01  1.250E+11  1.250E+11  1.250E+11  1.250E+11  0.0000000E+00    2.0219981  -10.000  -10.000  -10.000  -10.000   -9.9999000
 2.12886E+06  6.9995922E-01  1.250E+11  1.250E+11  1.250E+11  1.250E+11  0.0000000E+00    2.0219347  -10.000  -10.000  -10.000  -10.000   -9.9999000
 2.17845E+06  7.0029594E-01  1.250E+11  1.250E+11  1.250E+11  1.250E+11  0.0000000E+00    2.0221436  -10.000  -10.000  -10.000  -10.000   -9.9999000
 2.22919E+06  7.0045475E-01  1.250E+11  1.250E+11  1.250E+11  1.250E+11  0.0000000E+00    2.0222421  -10.000  -10.000  -10.000  -10.000   -9.9999000
 2.28111E+06  7.0077977E-01  1.250E+11  1.250E+11  1.250E+11  1.250E+11  0.0000000E+00    2.0224436  -10.000  -10.000  -10.000  -10.000   -9.9999000
 2.33425E+06  7.0134865E-01  1.250E+11  1.250E+11  1.250E+11  1.250E+11  0.0000000E+00    2.0227960  -10.000  -10.000  -10.000  -10.000   -9.9999000
 2.38862E+06  7.0146113E-01  1.250E+11  1.250E+11  1.250E+11  1.250E+11  0.0000000E+00    2.0228656  -10.000  -10.000  -10.000  -10.000   -9.9999000
 2.44426E+06  7.0169796E-01  1.250E+11  1.250E+11  1.250E+11  1.250E+11  0.0000000E+00    2.0230122  -10.000  -10.000  -10.000  -10.000   -9.9999000
 2.50119E+06  7.0190255E-01  1.250E+11  1.250E+11  1.250E+11  1.250E+11  0.0000000E+00    2.0231388  -10.000  -10.000  -10.000  -10.000   -9.9999000
 2.55945E+06  7.0217292E-01  1.250E+11  1.250E+11  1.250E+11  1.250E+11  0.0000000E+00    2.0233061  -10.000  -10.000  -10.000  -10.000   -9.9999000
 2.61907E+06  7.0277634E-01  1.250E+11  1.250E+11  1.250E+11  1.250E+11  0.0000000E+00    2.0236791  -10.000  -10.000  -10.000  -10.000   -9.9999000
 2.68008E+06  7.0277280E-01  1.250E+11  1.250E+11  1.250E+11  1.250E+11  0.0000000E+00    2.0236769  -10.000  -10.000  -10.000  -10.000   -9.9999000
 2.74251E+06  7.0304454E-01  1.250E+11  1.250E+11  1.250E+11  1.250E+11  0.0000000E+00    2.0238448  -10.000  -10.000  -10.000  -10.000   -9.9999000
 2.80639E+06  7.0339296E-01  1.250E+11  1.250E+11  1.250E+11  1.250E+11  0.0000000E+00    2.0240600  -10.000  -10.000  -10.000  -10.000   -9.9999000
 2.87176E+06  7.0350155E-01  1.250E+11  1.250E+11  1.250E+11  1.250E+11  0.0000000E+00    2.0241271  -10.000  -10.000  -10.000  -10.000   -9.9999000
 2.93865E+06  7.0411814E-01  1.250E+11  1.250E+11  1.250E+11  1.250E+11  0.0000000E+00    2.0245075  -10.000  -10.000  -10.000  -10.000   -9.9999000
 3.00710E+06  7.0429985E-01  1.250E+11  1.250E+11  1.250E+11  1.250E+11  0.0000000E+00    2.0246196  -10.000  -10.000  -10.000  -10.000   -9.9999000
 3.07715E+06  7.0461501E-01  1.250E+11  1.250E+11  1.250E+11  1.250E+11  0.0000000E+00    2.0248139  -10.000  -10.000  -10.000  -10.000   -9.9999000
 3.14882E+06  7.0494570E-01  1.250E+11  1.250E+11  1.250E+11  1.250E+11  0.0000000E+00    2.0250177  -10.000  -10.000  -10.000  -10.000   -9.9999000
 3.22217E+06  7.0533140E-01  1.250E+11  1.250E+11  1.250E+11  1.250E+11  0.0000000E+00    2.0252552  -10.000  -10.000  -10.000  -10.000   -9.9999000
 3.29722E+06  7.0598137E-01  1.250E+11  1.250E+11  1.250E+11  1.250E+11  0.0000000E+00    2.0256552  -10.000  -10.000  -10.000  -10.000   -9.9999000
 3.37402E+06  7.0601012E-01  1.250E+11  1.250E+11  1.250E+11  1.250E+11  0.0000000E+00    2.0256729  -10.000  -10.000  -10.000  -10.000   -9.9999000
 3.45262E+06  7.0640440E-01  1.250E+11  1.250E+11  1.250E+11  1.250E+11  0.0000000E+00    2.0259154  -10.000  -10.000  -10.000  -10.000   -9.9999000
 3.53304E+06  7.0677541E-01  1.250E+11  1.250E+11  1.250E+11  1.250E+11  0.0000000E+00    2.0261434  -10.000  -10.000  -10.000  -10.000   -9.9999000
 3.61533E+06  7.0703727E-01  1.250E+11  1.250E+11  1.250E+11  1.250E+11  0.0000000E+00    2.0263043  -10.000  -10.000  -10.000  -10.000   -9.9999000
 3.69955E+06  7.0773210E-01  1.250E+11  1.250E+11  1.250E+11  1.250E+11  0.0000000E+00    2.0267309  -10.000  -10.000  -10.000  -10.000   -9.9999000
 3.78572E+06  7.0778082E-01  1.250E+11  1.250E+11  1.250E+11  1.250E+11  0.0000000E+00    2.0267608  -10.000  -10.000  -10.000  -10.000   -9.9999000
 3.87390E+06  7.0821586E-01  1.250E+11  1.250E+11  1.250E+11  1.250E+11  0.0000000E+00    2.0270276  -10.000  -10.000  -10.000  -10.000   -9.9999000
 3.96414E+06  7.0856978E-01  1.250E+11  1.250E+11  1.250E+11  1.250E+11  0.0000000E+00    2.0272446  -10.000  -10.000  -10.000  -10.000   -9.9999000
 4.05647E+06  7.0899971E-01  1.250E+11  1.250E+11  1.250E+11  1.250E+11  0.0000000E+00    2.0275081  -10.000  -10.000  -10.000  -10.000   -9.9999000
 4.15096E+06  7.0966522E-01  1.250E+11  1.250E+11  1.250E+11  1.250E+11  0.0000000E+00    2.0279155  -10.000  -10.000  -10.000  -10.000   -9.9999000
 4.24765E+06  7.0983527E-01  1.250E+11  1.250E+11  1.250E+11  1.250E+11  0.0000000E+00    2.0280196  -10.000  -10.000  -10.000  -10.000   -9.9999000
 4.34659E+06  7.1031511E-01  1.250E+11  1.250E+11  1.250E+11  1.250E+11  0.0000000E+00    2.0283131  -10.000  -10.000  -10.000  -10.000   -9.9999000
 4.44784E+06  7.1064293E-01  1.250E+11  1.250E+11  1.250E+11  1.250E+11  0.0000000E+00    2.0285134  -10.000  -10.000  -10.000  -10.000   -9.9999000
 4.55144E+06  7.1119062E-01  1.250E+11  1.250E+11  1.250E+11  1.250E+11  0.0000000E+00    2.0288480  -10.000  -10.000  -10.000  -10.000   -9.9999000
 4.65746E+06  7.1200713E-01  1.250E+11  1.250E+11  1.250E+11  1.250E+11  0.0000000E+00    2.0293463  -10.000  -10.000  -10.000  -10.000   -9.9999000
